162
15559 14268 190298619 1 1410 530 401
15570 14355 190298629 1 1410 530 443
15561 14404 190298639 1 1410 520 448
15538 14414 190298649 1 1410 520 445
15529 14378 190298659 1 1410 520 475
15529 14275 190298669 1 1390 520 523
15529 14118 190298679 1 1370 520 553
15521 13913 190298689 1 1370 520 582
15521 13699 190298699 1 1350 520 589
15521 13494 190298709 1 1350 520 592
15529 13323 190298719 1 1340 520 568
15540 13196 190298729 1 1330 520 516
15551 13104 190298739 1 1330 530 420
15558 13058 190298749 1 1310 540 265
15549 13048 190298759 1 1300 540 2
15508 13089 190298769 0 1300 540 0
15427 13185 190298779 0 1300 540 0
15296 13339 190298789 0 1310 550 0
15127 13548 190298799 0 1310 550 0
14938 13786 190298809 0 1310 550 0
14756 14012 190298820 0 1330 540 0
14609 14184 190298830 0 1340 540 0
14552 14240 190298835 1 1360 520 313
14426 14340 190298845 1 1370 520 422
14391 14365 190298855 1 1380 510 422
14404 14399 190298865 1 1380 510 481
14472 14459 190298875 1 1400 510 528
14621 14520 190298885 1 1380 500 594
14829 14607 190298895 1 1370 510 627
15082 14707 190298905 1 1370 510 640
15352 14802 190298915 1 1380 510 634
15624 14893 190298925 1 1370 520 578
15874 14977 190298935 1 1370 520 471
16088 15039 190298945 1 1390 520 274
16254 15074 190298955 1 1390 520 10
16349 15057 190298965 0 1400 530 0
16344 14980 190298975 0 1390 540 0
16235 14844 190298985 0 1390 540 0
16037 14660 190298995 0 1370 530 0
15782 14460 190299005 0 1370 520 0
15527 14252 190299015 0 1370 510 0
15321 14048 190299025 0 1380 500 0
15187 13868 190299036 0 1370 500 0
15151 13791 190299045 1 1370 500 452
15119 13650 190299055 1 1400 500 435
15147 13612 190299065 1 1380 500 410
15212 13605 190299075 1 1400 510 446
15305 13629 190299085 1 1410 520 481
15437 13648 190299095 1 1410 530 478
15587 13681 190299105 1 1400 540 396
15741 13717 190299115 1 1400 540 144
15819 13735 190299125 0 1390 550 0
16045 13785 190299135 0 1370 540 0
16184 13823 190299145 0 1370 540 0
16315 13862 190299155 0 1370 540 0
16436 13894 190299165 0 1370 540 0
16557 13903 190299175 0 1370 540 0
16674 13896 190299185 0 1390 540 0
16725 13881 190299195 1 1390 540 349
16825 13839 190299205 1 1390 540 497
16855 13816 190299215 1 1400 530 548
16863 13809 190299225 1 1400 530 600
16863 13816 190299235 1 1390 540 666
16870 13816 190299245 1 1390 540 664
16877 13816 190299255 1 1390 540 602
16885 13816 190299265 1 1370 540 444
16897 13823 190299275 1 1370 540 151
16911 13823 190299285 0 1370 540 0
16981 13858 190299295 0 1390 550 0
17063 13914 190299305 0 1390 550 0
17178 14017 190299315 0 1400 550 0
17329 14176 190299325 0 1400 550 0
17512 14380 190299335 0 1430 550 0
17720 14594 190299345 0 1450 540 0
17927 14776 190299355 0 1450 530 0
18104 14875 190299365 0 1440 510 0
18170 14892 190299376 1 1450 510 565
18264 14868 190299386 1 1440 500 609
18264 14793 190299396 1 1440 500 629
18237 14700 190299406 1 1430 510 662
18204 14580 190299416 1 1430 510 698
18176 14413 190299426 1 1410 520 739
18143 14237 190299436 1 1410 530 743
18115 14068 190299446 1 1410 550 741
18095 13918 190299456 1 1410 550 700
18087 13806 190299466 1 1410 550 628
18080 13735 190299476 1 1390 550 522
18073 13700 190299486 1 1390 550 379
18057 13712 190299496 1 1370 540 18
18023 13791 190299506 0 1370 540 0
17968 13954 190299516 0 1370 540 0
17900 14219 190299526 0 1370 540 0
17838 14575 190299536 0 1370 540 0
17788 14950 190299546 0 1390 540 0
17757 15275 190299556 0 1390 520 0
17728 15493 190299566 0 1400 520 0
17711 15549 190299576 1 1400 510 481
17617 15620 190299586 1 1410 500 547
17565 15620 190299596 1 1430 500 501
17552 15599 190299606 1 1440 490 455
17589 15570 190299616 1 1450 500 477
17692 15488 190299626 1 1470 490 527
17826 15376 190299636 1 1480 500 547
17984 15238 190299646 1 1490 510 574
18156 15072 190299656 1 1490 510 579
18332 14890 190299666 1 1490 520 579
18486 14692 190299676 1 1480 530 570
18602 14482 190299686 1 1460 530 563
18666 14266 190299696 1 1460 530 539
18666 14042 190299706 1 1430 530 503
18613 13837 190299716 1 1420 540 461
18514 13659 190299726 1 1420 540 425
18389 13526 190299736 1 1410 550 356
18263 13450 190299746 1 1410 550 351
18151 13420 190299756 1 1410 550 293
18079 13436 190299766 1 1390 550 226
18061 13502 190299777 1 1390 550 134
18103 13611 190299787 1 1370 540 158
18218 13764 190299797 1 1370 540 166
18387 13945 190299807 1 1370 540 162
18587 14110 190299817 1 1390 550 264
18782 14235 190299827 1 1390 550 315
18948 14307 190299837 1 1410 550 351
19075 14321 190299847 1 1410 550 399
19161 14290 190299857 1 1410 550 471
19217 14231 190299867 1 1410 550 504
19251 14152 190299877 1 1420 540 530
19274 14064 190299887 1 1420 540 554
19288 13981 190299897 1 1440 540 556
19303 13912 190299907 1 1430 550 574
19320 13858 190299917 1 1440 560 570
19344 13825 190299927 1 1440 560 573
19385 13818 190299937 1 1440 560 577
19452 13833 190299947 1 1440 560 569
19552 13880 190299957 1 1440 560 530
19682 13945 190299967 1 1440 560 526
19832 14022 190299978 1 1440 560 518
19991 14091 190299988 1 1440 560 512
20150 14141 190299998 1 1440 560 507
20307 14170 190300008 1 1440 560 506
20456 14170 190300018 1 1440 560 508
20591 14158 190300028 1 1440 560 521
20710 14122 190300038 1 1440 560 530
20819 14072 190300048 1 1440 560 545
20921 14012 190300058 1 1450 560 575
21023 13959 190300068 1 1450 560 585
21129 13921 190300078 1 1470 560 620
21237 13898 190300088 1 1470 560 662
21345 13898 190300098 1 1470 560 698
21449 13907 190300108 1 1480 570 747
21540 13921 190300118 1 1480 570 797
21613 13937 190300128 1 1500 570 847
21666 13944 190300138 1 1510 580 896
21700 13954 190300148 1 1510 580 941
21722 13954 190300158 1 1530 580 977
21739 13961 190300168 1 1530 580 1004
21754 13961 190300179 1 1530 580 1016
21769 13961 190300189 1 1530 580 1017
21780 13961 190300199 1 1530 580 1012
21780 13961 190300209 1 1530 580 972
21787 13961 190300219 1 1510 580 864
21787 13954 190300229 1 1500 570 599
