150
6872 10354 190208255 1 1410 520 121
6872 10365 190208265 1 1410 520 176
6862 10352 190208275 1 1400 530 236
6855 10289 190208285 1 1400 530 310
6855 10186 190208295 1 1390 540 380
6855 10036 190208305 1 1370 540 452
6862 9856 190208315 1 1370 540 470
6876 9673 190208325 1 1350 540 497
6898 9502 190208335 1 1350 540 506
6922 9356 190208345 1 1340 540 507
6946 9244 190208355 1 1340 550 502
6964 9166 190208365 1 1340 550 447
6976 9120 190208375 1 1340 560 355
6976 9110 190208385 1 1340 560 182
6976 9117 190208395 0 1340 560 0
6945 9234 190208405 0 1340 560 0
6896 9399 190208415 0 1340 560 0
6822 9646 190208425 0 1340 560 0
6732 9943 190208435 0 1340 560 0
6638 10237 190208445 0 1350 550 0
6556 10470 190208456 0 1350 540 0
6493 10608 190208466 0 1360 540 0
6469 10641 190208475 1 1350 530 301
6415 10669 190208485 1 1360 520 382
6406 10658 190208495 1 1350 530 393
6399 10658 190208505 1 1350 530 451
6424 10658 190208515 1 1340 520 530
6483 10658 190208525 1 1330 530 579
6580 10689 190208535 1 1300 530 599
6727 10733 190208545 1 1290 530 622
6914 10794 190208555 1 1300 540 624
7120 10869 190208565 1 1300 540 602
7323 10951 190208575 1 1310 550 502
7499 11026 190208585 1 1310 550 325
7639 11076 190208595 1 1330 540 76
7729 11087 190208605 0 1330 540 0
7750 11041 190208615 0 1330 540 0
7705 10942 190208625 0 1340 540 0
7591 10797 190208635 0 1330 540 0
7420 10623 190208645 0 1340 540 0
7229 10434 190208655 0 1340 540 0
7049 10243 190208665 0 1350 530 0
6898 10069 190208676 0 1350 530 0
6799 9918 190208686 0 1350 530 0
6761 9803 190208696 0 1360 520 0
6770 9739 190208710 1 1360 520 266
6815 9711 190208720 1 1370 530 341
6898 9711 190208730 1 1370 530 481
6998 9731 190208740 1 1390 540 566
7121 9759 190208750 1 1370 540 604
7260 9804 190208760 1 1360 550 611
7396 9858 190208770 1 1360 550 582
7518 9913 190208780 1 1350 550 439
7614 9959 190208790 1 1350 550 116
7676 9990 190208800 0 1350 550 0
7690 10009 190208810 0 1350 550 0
7683 10009 190208820 0 1340 550 0
7659 9998 190208830 0 1340 540 0
7650 9973 190208840 0 1340 540 0
7663 9942 190208850 0 1340 520 0
7719 9915 190208860 0 1330 520 0
7807 9896 190208870 0 1330 510 0
7923 9896 190208880 0 1340 500 0
8054 9896 190208890 0 1340 490 0
8197 9922 190208900 0 1340 490 0
8342 9964 190208911 0 1350 490 0
8488 10027 190208921 0 1360 490 0
8639 10115 190208931 0 1380 490 0
8794 10225 190208941 0 1400 500 0
8945 10351 190208951 0 1420 500 0
9083 10469 190208961 0 1450 510 0
9197 10553 190208971 0 1470 520 0
9242 10576 190208986 1 1480 530 277
9309 10578 190208996 1 1470 530 353
9317 10511 190209006 1 1470 530 424
9317 10405 190209016 1 1460 540 470
9294 10267 190209026 1 1440 540 507
9275 10093 190209036 1 1430 550 523
9246 9924 190209046 1 1400 550 519
9216 9782 190209056 1 1400 550 500
9198 9684 190209066 1 1390 560 429
9198 9635 190209076 1 1390 560 304
9191 9635 190209086 1 1400 560 151
9191 9654 190209096 0 1400 560 0
9171 9790 190209106 0 1400 580 0
9136 9963 190209116 0 1400 580 0
9092 10220 190209126 0 1400 580 0
9040 10540 190209136 0 1400 580 0
8990 10873 190209146 0 1420 570 0
8957 11160 190209156 0 1420 570 0
8948 11349 190209166 0 1430 560 0
8934 11435 190209171 1 1430 560 223
8934 11447 190209181 1 1440 560 216
8965 11398 190209191 1 1450 550 268
9025 11318 190209201 1 1450 550 316
9134 11206 190209211 1 1450 550 380
9271 11061 190209221 1 1460 540 417
9422 10902 190209231 1 1440 540 431
9567 10726 190209241 1 1440 540 440
9688 10539 190209251 1 1410 550 440
9779 10345 190209261 1 1410 550 444
9831 10147 190209271 1 1400 550 441
9842 9961 190209281 1 1400 550 445
9816 9796 190209291 1 1400 550 446
9757 9661 190209301 1 1380 550 446
9685 9567 190209311 1 1380 550 441
9622 9511 190209321 1 1360 550 445
9583 9484 190209331 1 1360 550 418
9575 9484 190209341 1 1360 550 367
9612 9525 190209351 1 1360 550 325
9686 9599 190209361 1 1360 550 274
9800 9711 190209372 1 1360 550 242
9941 9837 190209382 1 1360 550 242
10094 9955 190209392 1 1380 550 261
10231 10040 190209402 1 1380 550 291
10341 10081 190209412 1 1390 560 320
10419 10081 190209422 1 1390 560 361
10471 10034 190209432 1 1390 560 415
10507 9958 190209442 1 1390 560 439
10534 9863 190209452 1 1390 560 459
10561 9769 190209462 1 1390 560 488
10589 9693 190209472 1 1390 560 498
10625 9641 190209482 1 1390 560 521
10673 9617 190209492 1 1390 560 526
10735 9617 190209502 1 1390 560 528
10811 9639 190209512 1 1380 570 525
10903 9682 190209522 1 1390 570 528
11007 9740 190209532 1 1390 570 522
11126 9809 190209542 1 1400 580 504
11250 9873 190209552 1 1400 580 496
11374 9928 190209562 1 1400 580 489
11494 9967 190209573 1 1400 580 478
11600 9986 190209583 1 1400 580 470
11700 9986 190209593 1 1400 580 472
11798 9986 190209603 1 1400 580 475
11895 9964 190209613 1 1420 570 471
11998 9943 190209623 1 1420 570 473
12103 9920 190209633 1 1420 570 481
12209 9901 190209643 1 1420 570 524
12305 9885 190209653 1 1420 570 575
12388 9875 190209663 1 1430 570 636
12458 9875 190209673 1 1430 570 707
12508 9875 190209683 1 1440 580 766
12541 9875 190209693 1 1440 580 820
12560 9875 190209703 1 1440 580 847
12567 9875 190209713 1 1440 580 853
12567 9875 190209723 1 1440 580 845
12567 9875 190209733 1 1440 580 789
12567 9875 190209743 1 1440 580 641
12567 9875 190209753 1 1440 580 311
