156
24092 14047 190383782 1 1340 490 166
24092 14054 190383792 1 1350 500 212
24085 14054 190383802 1 1350 510 246
24085 14013 190383812 1 1360 510 313
24085 13932 190383822 1 1360 520 365
24092 13810 190383832 1 1370 530 432
24092 13651 190383842 1 1390 540 474
24099 13473 190383852 1 1370 540 482
24099 13296 190383862 1 1370 540 478
24099 13137 190383872 1 1360 550 458
24099 13008 190383882 1 1360 550 383
24106 12922 190383892 1 1350 550 214
24106 12874 190383902 1 1340 560 29
24090 12864 190383912 0 1320 570 0
24054 12907 190383922 0 1310 570 0
23990 13002 190383932 0 1310 570 0
23893 13150 190383942 0 1310 570 0
23772 13343 190383952 0 1310 570 0
23638 13550 190383962 0 1310 570 0
23507 13740 190383972 0 1320 570 0
23449 13818 190383987 1 1340 560 331
23295 13991 190383997 1 1360 560 445
23232 14053 190384007 1 1390 550 445
23202 14086 190384017 1 1400 550 473
23211 14118 190384027 1 1410 550 532
23273 14142 190384037 1 1410 550 583
23381 14178 190384047 1 1420 540 599
23532 14226 190384057 1 1420 540 608
23720 14285 190384067 1 1400 540 604
23931 14353 190384077 1 1400 540 583
24140 14421 190384087 1 1390 540 496
24335 14486 190384097 1 1390 540 348
24497 14535 190384107 1 1390 540 98
24612 14547 190384117 0 1390 540 0
24653 14519 190384127 0 1390 540 0
24612 14445 190384137 0 1390 540 0
24495 14335 190384147 0 1400 530 0
24325 14200 190384157 0 1400 530 0
24141 14055 190384167 0 1390 520 0
23974 13909 190384177 0 1380 510 0
23841 13768 190384188 0 1380 510 0
23792 13701 190384187 1 1380 510 378
23693 13575 190384197 1 1380 510 500
23681 13528 190384207 1 1390 520 445
23725 13518 190384217 1 1390 520 459
23814 13547 190384227 1 1390 540 500
23952 13578 190384237 1 1400 540 519
24125 13633 190384247 1 1400 550 475
24318 13698 190384257 1 1400 550 271
24420 13730 190384267 0 1410 560 0
24716 13809 190384277 0 1410 560 0
24871 13845 190384287 0 1400 550 0
24981 13854 190384297 0 1400 550 0
25056 13839 190384307 0 1390 550 0
25117 13801 190384317 0 1390 550 0
25179 13745 190384327 0 1390 550 0
25240 13671 190384337 0 1390 550 0
25264 13630 190384358 1 1410 550 604
25290 13543 190384368 1 1410 550 682
25290 13503 190384378 1 1410 550 685
25283 13496 190384388 1 1400 550 706
25283 13503 190384398 1 1400 550 745
25283 13503 190384408 1 1400 550 739
25294 13503 190384418 1 1390 560 628
25315 13503 190384428 1 1390 560 377
25346 13510 190384438 1 1390 560 10
25399 13543 190384448 0 1390 560 0
25466 13586 190384458 0 1390 560 0
25549 13647 190384468 0 1390 560 0
25646 13726 190384478 0 1400 560 0
25760 13820 190384488 0 1400 560 0
25894 13929 190384498 0 1420 570 0
26038 14053 190384508 0 1430 560 0
26174 14179 190384518 0 1430 550 0
26287 14286 190384528 0 1420 540 0
26365 14360 190384538 0 1420 530 0
26400 14405 190384543 1 1430 520 592
26400 14429 190384553 1 1420 520 619
26387 14422 190384563 1 1420 500 609
26367 14380 190384573 1 1410 510 653
26350 14284 190384583 1 1410 510 691
26328 14129 190384593 1 1410 520 711
26291 13926 190384603 1 1410 530 706
26250 13702 190384613 1 1410 550 683
26220 13484 190384623 1 1400 550 615
26210 13294 190384633 1 1400 550 519
26203 13156 190384643 1 1390 560 368
26212 13078 190384653 1 1380 570 128
26212 13060 190384663 0 1360 560 0
26240 13123 190384673 0 1350 570 0
26248 13256 190384683 0 1340 560 0
26258 13463 190384693 0 1340 560 0
26258 13741 190384703 0 1340 560 0
26249 14054 190384713 0 1340 560 0
26228 14359 190384723 0 1350 550 0
26199 14600 190384733 0 1370 540 0
26145 14759 190384743 1 1390 540 454
26089 14840 190384753 1 1400 530 481
26051 14854 190384763 1 1400 530 392
26043 14845 190384773 1 1400 530 368
26080 14798 190384783 1 1410 530 390
26151 14712 190384793 1 1410 530 441
26243 14605 190384803 1 1410 550 493
26357 14472 190384813 1 1410 550 509
26491 14328 190384823 1 1410 550 520
26633 14175 190384833 1 1410 550 527
26760 14019 190384843 1 1410 550 522
26852 13868 190384853 1 1410 550 516
26897 13722 190384863 1 1410 550 513
26889 13581 190384873 1 1400 550 499
26836 13450 190384883 1 1400 550 472
26757 13336 190384893 1 1400 550 481
26671 13250 190384903 1 1390 560 494
26601 13199 190384913 1 1390 560 491
26565 13187 190384923 1 1380 570 448
26565 13196 190384933 1 1380 570 412
26615 13236 190384944 1 1360 570 412
26705 13302 190384954 1 1360 570 395
26832 13392 190384964 1 1360 570 404
26984 13485 190384974 1 1360 570 419
27143 13566 190384984 1 1360 570 464
27287 13625 190384994 1 1360 570 506
27405 13652 190385004 1 1380 570 530
27491 13652 190385014 1 1390 570 555
27546 13622 190385024 1 1390 570 572
27577 13568 190385034 1 1400 580 600
27592 13498 190385044 1 1420 570 608
27604 13422 190385054 1 1400 580 611
27620 13351 190385064 1 1400 580 613
27652 13296 190385074 1 1400 580 617
27704 13260 190385084 1 1390 580 612
27781 13250 190385094 1 1410 590 614
27880 13250 190385104 1 1410 590 607
28001 13275 190385114 1 1410 600 600
28141 13317 190385124 1 1410 600 591
28287 13358 190385134 1 1410 600 593
28430 13393 190385145 1 1410 600 581
28566 13415 190385155 1 1410 600 585
28687 13415 190385165 1 1410 600 591
28798 13415 190385175 1 1410 600 608
28905 13403 190385185 1 1420 610 628
29005 13385 190385195 1 1420 610 636
29104 13362 190385205 1 1430 620 641
29201 13336 190385215 1 1440 620 641
29299 13309 190385225 1 1460 630 637
29397 13282 190385235 1 1460 640 658
29491 13255 190385245 1 1460 640 696
29573 13232 190385255 1 1480 650 745
29645 13212 190385265 1 1480 650 799
29703 13205 190385275 1 1470 650 840
29747 13195 190385285 1 1470 650 868
29777 13188 190385295 1 1470 650 874
29794 13188 190385305 1 1470 650 871
29801 13188 190385315 1 1470 650 838
29801 13188 190385325 1 1470 650 712
29801 13181 190385335 1 1470 650 363
