176
15636 18136 190291549 1 1400 550 161
15636 18204 190291559 1 1400 550 227
15636 18236 190291569 1 1400 550 281
15619 18236 190291579 1 1400 550 317
15603 18178 190291589 1 1390 550 382
15587 18075 190291599 1 1390 550 441
15569 17923 190291609 1 1400 550 489
15559 17740 190291619 1 1400 550 512
15559 17556 190291629 1 1400 550 526
15567 17382 190291639 1 1400 550 527
15574 17232 190291649 1 1400 550 527
15585 17114 190291659 1 1400 550 515
15592 17027 190291669 1 1390 560 440
15592 16983 190291679 1 1380 550 325
15599 16973 190291689 1 1360 560 151
15592 16983 190291699 0 1350 550 0
15548 17100 190291709 0 1340 560 0
15475 17257 190291719 0 1340 560 0
15364 17472 190291729 0 1340 560 0
15220 17720 190291739 0 1350 550 0
15056 17956 190291750 0 1360 550 0
14899 18132 190291760 0 1360 550 0
14761 18219 190291770 0 1370 540 0
14698 18234 190291775 1 1390 540 301
14546 18243 190291785 1 1400 530 370
14490 18234 190291795 1 1390 520 382
14476 18249 190291805 1 1390 520 406
14522 18288 190291815 1 1370 520 455
14633 18341 190291825 1 1370 520 512
14800 18426 190291835 1 1360 520 533
15015 18529 190291845 1 1350 530 549
15269 18637 190291855 1 1350 530 546
15536 18738 190291865 1 1340 540 514
15793 18820 190291875 1 1340 550 417
16016 18878 190291885 1 1320 550 291
16184 18892 190291895 1 1320 570 92
16244 18882 190291905 0 1320 570 0
16304 18758 190291915 0 1310 570 0
16221 18619 190291925 0 1310 570 0
16060 18445 190291935 0 1310 570 0
15834 18261 190291945 0 1320 570 0
15589 18075 190291955 0 1320 550 0
15374 17901 190291965 0 1320 550 0
15214 17748 190291976 0 1330 540 0
15126 17624 190291986 0 1340 540 0
15112 17541 190291996 0 1350 530 0
15138 17502 190292010 1 1360 520 258
15204 17494 190292020 1 1370 530 300
15308 17511 190292030 1 1370 530 407
15431 17551 190292040 1 1400 530 444
15578 17594 190292050 1 1400 530 479
15726 17641 190292060 1 1400 530 459
15860 17683 190292070 1 1400 530 325
15976 17711 190292080 1 1400 530 52
16068 17720 190292090 0 1400 530 0
16127 17720 190292100 0 1400 530 0
16162 17710 190292110 0 1400 530 0
16192 17691 190292120 0 1400 530 0
16230 17668 190292130 0 1390 540 0
16293 17639 190292140 0 1390 540 0
16373 17597 190292150 0 1370 530 0
16456 17544 190292160 0 1370 530 0
16528 17475 190292170 0 1360 520 0
16576 17409 190292180 1 1350 530 509
16597 17366 190292190 1 1350 530 551
16606 17336 190292200 1 1350 530 615
16606 17336 190292210 1 1350 530 693
16606 17344 190292220 1 1350 530 735
16615 17344 190292230 1 1350 530 730
16615 17344 190292240 1 1360 540 657
16622 17344 190292250 1 1360 540 476
16622 17344 190292260 1 1370 540 113
16631 17344 190292270 0 1370 540 0
16656 17360 190292280 0 1370 540 0
16692 17398 190292290 0 1370 540 0
16748 17465 190292300 0 1370 540 0
16836 17565 190292310 0 1370 540 0
16957 17687 190292320 0 1370 540 0
17106 17836 190292330 0 1370 540 0
17274 18003 190292340 0 1390 550 0
17442 18166 190292350 0 1390 550 0
17589 18297 190292360 0 1410 550 0
17695 18372 190292370 0 1410 550 0
17749 18407 190292380 1 1410 550 498
17761 18407 190292390 1 1410 550 519
17761 18379 190292400 1 1410 550 534
17752 18318 190292410 1 1410 550 599
17743 18211 190292420 1 1400 550 642
17725 18065 190292430 1 1400 550 649
17708 17891 190292440 1 1400 550 655
17693 17713 190292450 1 1400 550 641
17682 17559 190292460 1 1400 550 605
17675 17427 190292470 1 1410 550 518
17675 17335 190292480 1 1410 550 363
17668 17289 190292490 1 1410 550 190
17652 17279 190292500 1 1410 550 1
17632 17341 190292510 0 1410 550 0
17607 17471 190292520 0 1410 550 0
17576 17694 190292530 0 1410 550 0
17552 18005 190292540 0 1400 550 0
17542 18343 190292550 0 1400 550 0
17535 18639 190292560 0 1400 550 0
17535 18751 190292566 1 1400 550 232
17496 18930 190292576 1 1400 550 353
17468 18945 190292586 1 1390 560 363
17447 18918 190292596 1 1390 560 364
17460 18863 190292606 1 1380 570 398
17516 18765 190292616 1 1380 570 436
17603 18635 190292626 1 1360 570 495
17720 18468 190292636 1 1360 570 514
17856 18279 190292646 1 1360 570 541
17993 18075 190292656 1 1380 570 548
18113 17871 190292666 1 1380 570 552
18196 17676 190292676 1 1390 560 549
18238 17496 190292686 1 1400 550 544
18238 17333 190292696 1 1400 550 541
18189 17194 190292706 1 1400 550 525
18117 17092 190292716 1 1410 550 467
18037 17023 190292726 1 1390 550 422
17970 16993 190292736 1 1390 550 358
17933 16993 190292746 1 1380 550 245
17940 17039 190292756 1 1360 560 144
18001 17126 190292767 1 1380 570 106
18116 17254 190292777 1 1380 570 67
18278 17414 190292787 1 1380 570 86
18458 17571 190292797 1 1380 570 163
18626 17699 190292807 1 1390 560 250
18754 17783 190292817 1 1400 550 324
18834 17812 190292827 1 1410 550 399
18870 17795 190292837 1 1410 550 481
18870 17737 190292847 1 1420 540 531
18860 17644 190292857 1 1420 540 546
18840 17536 190292867 1 1430 530 561
18833 17430 190292877 1 1410 530 574
18825 17344 190292887 1 1410 530 575
18843 17287 190292897 1 1400 530 574
18873 17256 190292907 1 1390 540 587
18920 17256 190292917 1 1390 540 593
18989 17283 190292927 1 1370 540 599
19087 17340 190292937 1 1370 540 589
19211 17418 190292947 1 1390 550 585
19354 17498 190292957 1 1390 550 572
19496 17564 190292968 1 1400 550 572
19625 17606 190292978 1 1400 550 577
19729 17617 190292988 1 1410 560 595
19806 17617 190292998 1 1430 550 623
19862 17588 190293008 1 1440 560 638
19905 17543 190293018 1 1440 560 653
19944 17484 190293028 1 1440 560 655
19986 17414 190293038 1 1440 560 657
20032 17341 190293048 1 1440 560 652
20083 17271 190293058 1 1430 560 654
20139 17208 190293068 1 1430 560 650
20197 17164 190293078 1 1430 560 648
20263 17141 190293088 1 1420 570 647
20339 17141 190293098 1 1420 570 644
20428 17174 190293108 1 1420 570 643
20528 17224 190293118 1 1420 570 631
20636 17285 190293128 1 1420 570 630
20745 17342 190293138 1 1420 570 634
20848 17384 190293148 1 1420 570 650
20943 17411 190293158 1 1420 570 676
21028 17418 190293169 1 1420 570 699
21107 17418 190293179 1 1420 570 743
21182 17406 190293189 1 1420 570 797
21251 17392 190293199 1 1430 570 846
21314 17377 190293209 1 1430 570 889
21371 17361 190293219 1 1440 580 930
21417 17351 190293229 1 1440 580 951
21461 17342 190293239 1 1440 580 990
21501 17342 190293249 1 1440 580 1002
21535 17342 190293259 1 1440 580 1001
21562 17342 190293269 1 1460 580 998
21571 17342 190293279 1 1460 580 947
21581 17342 190293289 1 1470 590 808
21570 17342 190293299 1 1470 590 328
