156
24432 17833 190376747 1 1350 520 90
24530 17974 190376757 1 1360 520 223
24565 18032 190376767 1 1370 530 333
24573 18059 190376777 1 1400 530 365
24573 18050 190376787 1 1400 530 388
24573 17998 190376797 1 1400 530 449
24573 17901 190376807 1 1410 520 478
24573 17766 190376817 1 1410 520 499
24573 17593 190376827 1 1410 520 513
24573 17419 190376837 1 1400 530 510
24566 17248 190376847 1 1400 530 483
24566 17109 190376857 1 1400 530 417
24566 17006 190376867 1 1390 540 293
24566 16940 190376877 1 1370 540 108
24566 16926 190376887 0 1360 550 0
24538 16952 190376897 0 1350 550 0
24487 17044 190376907 0 1340 560 0
24399 17195 190376917 0 1340 560 0
24275 17394 190376927 0 1340 560 0
24128 17607 190376937 0 1340 560 0
23975 17798 190376948 0 1350 550 0
23838 17926 190376958 0 1350 540 0
23722 17985 190376968 0 1360 540 0
23638 18017 190376972 1 1370 520 489
23586 18017 190376982 1 1400 520 466
23586 18035 190376992 1 1410 510 460
23661 18081 190377002 1 1430 510 481
23796 18128 190377012 1 1450 510 510
23989 18197 190377022 1 1450 510 547
24213 18278 190377032 1 1470 510 548
24443 18355 190377042 1 1470 510 541
24670 18420 190377052 1 1460 520 466
24874 18469 190377062 1 1460 520 313
25042 18494 190377072 1 1450 530 68
25158 18494 190377082 0 1430 530 0
25205 18463 190377092 0 1420 540 0
25167 18404 190377102 0 1420 540 0
25047 18309 190377112 0 1410 530 0
24861 18184 190377122 0 1410 530 0
24651 18040 190377132 0 1410 530 0
24458 17891 190377142 0 1400 530 0
24307 17754 190377152 0 1400 530 0
24219 17630 190377162 0 1390 520 0
24189 17530 190377173 0 1400 520 0
24200 17478 190377182 1 1380 510 388
24244 17454 190377192 1 1380 510 337
24334 17468 190377202 1 1380 510 378
24459 17517 190377212 1 1400 510 400
24616 17558 190377222 1 1410 510 414
24790 17611 190377232 1 1410 510 375
24951 17653 190377242 1 1420 520 165
25024 17668 190377252 0 1430 520 0
25206 17686 190377262 0 1450 530 0
25284 17693 190377272 0 1450 530 0
25336 17685 190377282 0 1430 530 0
25374 17666 190377292 0 1430 530 0
25415 17631 190377302 0 1430 530 0
25475 17579 190377312 0 1440 540 0
25546 17515 190377322 0 1440 540 0
25618 17436 190377332 0 1450 550 0
25646 17400 190377348 1 1440 560 479
25694 17325 190377358 1 1440 560 529
25705 17301 190377368 1 1440 560 595
25705 17308 190377378 1 1440 560 665
25714 17324 190377388 1 1440 560 697
25724 17340 190377398 1 1440 560 679
25724 17360 190377408 1 1440 560 576
25731 17367 190377418 1 1440 560 317
25731 17378 190377428 0 1440 560 0
25738 17378 190377438 0 1440 560 0
25752 17395 190377448 0 1440 560 0
25788 17423 190377458 0 1440 560 0
25855 17476 190377468 0 1440 560 0
25951 17555 190377478 0 1440 560 0
26078 17652 190377488 0 1440 540 0
26219 17766 190377498 0 1420 540 0
26358 17892 190377508 0 1420 530 0
26481 18012 190377518 0 1430 520 0
26571 18105 190377528 0 1430 510 0
26612 18169 190377533 1 1440 500 556
26620 18199 190377543 1 1450 500 562
26620 18199 190377553 1 1450 500 549
26611 18173 190377563 1 1460 490 562
26611 18103 190377573 1 1470 490 599
26611 17990 190377583 1 1480 500 623
26611 17828 190377593 1 1490 490 634
26611 17631 190377603 1 1480 500 619
26604 17425 190377613 1 1480 500 545
26604 17218 190377623 1 1480 500 446
26611 17055 190377633 1 1480 500 250
26611 16994 190377643 0 1470 510 0
26618 16905 190377653 0 1460 520 0
26598 16950 190377663 0 1450 530 0
26581 17074 190377673 0 1430 530 0
26574 17290 190377683 0 1420 540 0
26567 17591 190377693 0 1420 540 0
26580 17961 190377703 0 1420 540 0
26595 18334 190377713 0 1410 530 0
26595 18634 190377723 0 1420 530 0
26577 18805 190377734 0 1420 520 0
26512 18869 190377743 1 1420 520 633
26434 18869 190377753 1 1420 520 598
26380 18833 190377763 1 1420 520 494
26368 18778 190377773 1 1410 520 464
26411 18685 190377783 1 1410 530 475
26486 18551 190377793 1 1410 530 539
26570 18394 190377803 1 1420 540 564
26665 18231 190377813 1 1420 540 570
26767 18057 190377823 1 1430 530 544
26869 17875 190377833 1 1450 530 494
26953 17685 190377843 1 1460 520 437
27000 17499 190377853 1 1470 510 407
27000 17315 190377863 1 1470 510 391
26953 17147 190377873 1 1470 510 381
26876 17007 190377883 1 1450 510 363
26794 16909 190377893 1 1440 510 372
26725 16851 190377903 1 1430 510 391
26686 16838 190377913 1 1430 520 377
26686 16849 190377923 1 1430 520 351
26731 16899 190377933 1 1450 530 339
26819 16980 190377944 1 1430 530 334
26952 17085 190377954 1 1430 530 324
27114 17192 190377964 1 1430 530 336
27288 17282 190377974 1 1430 530 372
27448 17341 190377984 1 1430 530 410
27577 17364 190377994 1 1430 530 455
27671 17364 190378004 1 1420 540 485
27730 17323 190378014 1 1420 540 523
27767 17273 190378024 1 1420 540 538
27794 17217 190378034 1 1420 540 547
27817 17161 190378044 1 1410 550 541
27841 17116 190378054 1 1400 550 531
27875 17084 190378064 1 1410 560 532
27929 17073 190378074 1 1400 560 532
28011 17073 190378084 1 1420 570 527
28122 17107 190378094 1 1420 570 509
28260 17159 190378104 1 1430 560 518
28406 17216 190378114 1 1430 560 523
28556 17267 190378124 1 1440 560 534
28701 17304 190378134 1 1440 560 533
28836 17313 190378145 1 1450 550 527
28957 17313 190378155 1 1470 550 520
29064 17281 190378165 1 1470 550 521
29159 17234 190378175 1 1480 560 526
29250 17177 190378185 1 1480 570 524
29351 17120 190378195 1 1470 580 526
29469 17074 190378205 1 1470 590 527
29601 17045 190378215 1 1470 610 534
29740 17037 190378225 1 1460 630 578
29872 17037 190378235 1 1430 640 634
29983 17047 190378245 1 1420 650 704
30065 17061 190378255 1 1420 650 733
30120 17073 190378265 1 1430 640 758
30160 17081 190378275 1 1450 640 752
30196 17081 190378285 1 1460 630 669
30239 17068 190378295 1 1460 620 224
