154
6662 6108 190215260 1 1380 510 196
6683 6009 190215270 1 1370 520 220
6704 5872 190215280 1 1350 530 259
6722 5710 190215290 1 1340 540 295
6741 5541 190215300 1 1330 540 317
6761 5367 190215310 1 1300 550 347
6771 5223 190215320 1 1290 560 348
6778 5119 190215330 1 1270 560 347
6785 5052 190215340 1 1260 570 308
6793 5018 190215350 1 1270 570 182
6801 5018 190215360 1 1260 580 53
6809 5066 190215370 0 1270 590 0
6809 5165 190215380 0 1270 590 0
6802 5326 190215390 0 1270 590 0
6770 5551 190215400 0 1270 590 0
6711 5816 190215410 0 1270 590 0
6629 6103 190215420 0 1280 580 0
6534 6381 190215430 0 1300 580 0
6430 6613 190215440 0 1280 570 0
6317 6771 190215450 0 1290 560 0
6258 6819 190215455 1 1290 560 6
6065 6889 190215465 1 1290 550 286
5954 6898 190215475 1 1290 550 353
5874 6915 190215485 1 1290 530 431
5832 6933 190215495 1 1290 530 501
5832 6940 190215505 1 1280 530 547
5852 6961 190215515 1 1280 530 578
5914 6990 190215525 1 1270 520 606
6030 7040 190215535 1 1270 520 632
6219 7119 190215545 1 1280 520 633
6470 7221 190215555 1 1290 520 640
6763 7329 190215565 1 1290 520 643
7053 7434 190215575 1 1300 530 632
7306 7511 190215585 1 1300 530 581
7505 7555 190215595 1 1300 530 466
7640 7568 190215605 1 1330 530 273
7718 7552 190215615 1 1330 530 65
7733 7488 190215625 0 1340 540 0
7662 7374 190215635 0 1340 540 0
7518 7209 190215645 0 1330 540 0
7305 7000 190215656 0 1310 540 0
7065 6775 190215666 0 1300 540 0
6853 6555 190215676 0 1290 530 0
6691 6357 190215686 0 1280 540 0
6597 6196 190215696 0 1280 540 0
6563 6077 190215706 0 1280 540 0
6556 6003 190215720 1 1290 530 347
6569 5961 190215730 1 1290 530 357
6603 5950 190215740 1 1290 530 454
6653 5950 190215750 1 1290 530 528
6735 5950 190215760 1 1290 530 570
6846 5974 190215770 1 1290 530 607
6981 6010 190215780 1 1290 530 624
7126 6054 190215790 1 1280 540 620
7268 6103 190215800 1 1280 540 542
7390 6150 190215810 1 1290 550 345
7479 6189 190215820 1 1290 550 1
7533 6223 190215830 0 1300 550 0
7547 6249 190215840 0 1300 550 0
7547 6265 190215850 0 1290 550 0
7547 6272 190215860 0 1280 540 0
7560 6272 190215870 0 1290 520 0
7612 6265 190215880 0 1290 510 0
7698 6255 190215890 0 1300 500 0
7812 6242 190215900 0 1330 480 0
7945 6233 190215910 0 1340 470 0
8092 6233 190215921 0 1350 450 0
8251 6244 190215931 0 1370 440 0
8414 6271 190215941 0 1390 440 0
8575 6315 190215951 0 1400 450 0
8718 6376 190215961 0 1420 450 0
8837 6450 190215971 0 1450 460 0
8924 6539 190215981 0 1450 480 0
8981 6627 190215991 0 1450 510 0
9015 6713 190216001 0 1450 530 0
9015 6781 190216011 1 1440 540 539
9015 6827 190216021 1 1430 560 526
9006 6838 190216031 1 1400 580 526
8996 6802 190216041 1 1380 580 551
8996 6717 190216051 1 1360 580 579
9014 6574 190216061 1 1340 580 592
9021 6389 190216071 1 1340 580 579
9031 6178 190216081 1 1350 580 533
9031 5976 190216091 1 1350 580 461
9031 5811 190216101 1 1350 580 365
9031 5705 190216111 1 1340 580 227
9023 5668 190216121 1 1340 580 30
9003 5705 190216131 0 1340 580 0
8967 5810 190216141 0 1340 580 0
8904 5987 190216151 0 1340 580 0
8821 6247 190216161 0 1340 580 0
8731 6574 190216171 0 1340 580 0
8646 6931 190216181 0 1340 580 0
8593 7249 190216191 0 1340 570 0
8577 7374 190216196 1 1350 570 206
8554 7594 190216206 1 1350 550 252
8572 7615 190216216 1 1350 550 260
8621 7557 190216226 1 1350 540 291
8716 7445 190216236 1 1360 540 343
8860 7270 190216246 1 1350 530 388
9037 7053 190216256 1 1360 540 414
9218 6817 190216266 1 1360 540 429
9387 6587 190216276 1 1370 540 445
9524 6374 190216286 1 1360 550 452
9617 6179 190216296 1 1350 550 471
9661 6004 190216306 1 1350 550 478
9654 5847 190216316 1 1320 550 495
9608 5714 190216326 1 1310 560 500
9538 5615 190216336 1 1300 550 457
9466 5559 190216346 1 1290 560 416
9412 5546 190216356 1 1290 560 350
9384 5565 190216366 1 1290 560 218
9393 5631 190216376 1 1290 560 151
9444 5735 190216386 1 1290 560 108
9539 5867 190216397 1 1290 560 113
9670 6008 190216407 1 1290 560 136
9817 6124 190216417 1 1290 560 210
9954 6199 190216427 1 1290 560 260
10067 6218 190216437 1 1310 560 302
10151 6205 190216447 1 1310 560 355
10213 6156 190216457 1 1320 570 395
10264 6086 190216467 1 1340 560 446
10312 6008 190216477 1 1340 560 456
10359 5937 190216487 1 1340 560 467
10408 5880 190216497 1 1320 570 483
10463 5845 190216507 1 1320 570 502
10526 5837 190216517 1 1320 570 513
10606 5849 190216527 1 1340 570 513
10705 5889 190216537 1 1320 580 510
10821 5947 190216547 1 1340 580 503
10948 6016 190216557 1 1340 580 492
11079 6083 190216567 1 1340 580 474
11214 6138 190216577 1 1350 590 461
11343 6176 190216587 1 1350 590 461
11467 6196 190216598 1 1360 600 460
11585 6196 190216608 1 1380 590 467
11694 6189 190216618 1 1380 590 467
11805 6167 190216628 1 1360 580 474
11923 6138 190216638 1 1380 580 504
12043 6107 190216648 1 1360 570 541
12160 6076 190216658 1 1360 570 587
12270 6050 190216668 1 1360 570 636
12364 6031 190216678 1 1380 580 683
12441 6023 190216688 1 1380 580 740
12500 6013 190216698 1 1390 580 815
12541 6013 190216708 1 1390 580 880
12568 6013 190216718 1 1380 590 933
12585 6023 190216728 1 1380 590 977
12595 6033 190216738 1 1380 590 1014
12595 6043 190216748 1 1390 600 1023
12602 6052 190216758 1 1390 600 1023
12602 6052 190216768 1 1410 600 979
12602 6052 190216778 1 1410 600 865
12602 6052 190216788 1 1410 600 548
