180
15108 3032 190319885 1 1280 590 320
15188 2999 190319895 1 1290 590 337
15209 2887 190319905 1 1320 590 375
15209 2701 190319915 1 1320 590 420
15209 2458 190319925 1 1320 590 449
15218 2173 190319935 1 1340 580 470
15225 1900 190319945 1 1320 590 475
15225 1670 190319955 1 1320 590 477
15234 1489 190319965 1 1310 600 452
15256 1358 190319975 1 1310 600 383
15276 1286 190319985 1 1290 600 238
15285 1269 190319995 1 1290 610 118
15295 1278 190320005 0 1270 620 0
15285 1412 190320015 0 1290 630 0
15238 1587 190320025 0 1290 630 0
15148 1829 190320035 0 1290 630 0
15013 2116 190320045 0 1270 620 0
14841 2407 190320055 0 1270 620 0
14659 2660 190320065 0 1280 610 0
14482 2829 190320075 0 1290 600 0
14322 2892 190320086 0 1290 590 0
14172 2892 190320090 1 1310 580 357
14060 2873 190320100 1 1310 570 396
14002 2851 190320110 1 1300 560 415
13990 2851 190320120 1 1310 560 456
14047 2870 190320130 1 1300 550 501
14161 2897 190320140 1 1300 550 538
14325 2956 190320150 1 1310 550 589
14554 3048 190320160 1 1310 550 607
14838 3164 190320170 1 1300 550 609
15158 3297 190320180 1 1300 550 583
15481 3429 190320190 1 1300 550 520
15775 3531 190320200 1 1300 550 400
16016 3592 190320210 1 1300 550 165
16108 3600 190320220 0 1310 560 0
16249 3513 190320230 0 1310 560 0
16213 3389 190320240 0 1320 570 0
16082 3217 190320250 0 1320 570 0
15871 3018 190320260 0 1310 560 0
15620 2804 190320270 0 1310 560 0
15370 2587 190320280 0 1290 560 0
15150 2389 190320291 0 1290 560 0
14991 2220 190320301 0 1300 560 0
14940 2151 190320316 1 1300 560 400
14873 2044 190320326 1 1310 570 429
14892 2015 190320336 1 1320 570 450
14962 2015 190320346 1 1340 570 513
15068 2045 190320356 1 1350 570 549
15226 2080 190320366 1 1380 570 583
15420 2147 190320376 1 1390 560 583
15627 2220 190320386 1 1390 560 519
15842 2292 190320396 1 1390 560 294
15952 2327 190320406 0 1380 570 0
16235 2409 190320416 0 1380 570 0
16371 2453 190320426 0 1350 580 0
16467 2478 190320436 0 1340 580 0
16532 2478 190320446 0 1320 590 0
16592 2465 190320456 0 1310 600 0
16662 2421 190320466 0 1290 600 0
16741 2361 190320476 0 1280 610 0
16824 2285 190320486 0 1280 610 0
16900 2204 190320496 0 1310 610 0
16946 2148 190320501 1 1320 600 686
16968 2104 190320511 1 1350 600 761
16975 2093 190320521 1 1360 600 867
16975 2093 190320531 1 1390 580 942
16987 2093 190320541 1 1400 580 940
16994 2100 190320551 1 1420 570 906
17004 2108 190320561 1 1430 560 820
17012 2115 190320571 1 1430 560 627
17031 2115 190320581 1 1430 560 325
17040 2123 190320591 0 1420 570 0
17055 2146 190320601 0 1420 570 0
17055 2177 190320611 0 1400 580 0
17055 2222 190320621 0 1400 580 0
17070 2281 190320631 0 1390 580 0
17112 2349 190320641 0 1390 600 0
17189 2425 190320651 0 1380 600 0
17297 2510 190320661 0 1380 610 0
17431 2605 190320671 0 1380 630 0
17579 2710 190320681 0 1380 640 0
17725 2824 190320691 0 1370 630 0
17860 2942 190320702 0 1350 630 0
17977 3057 190320712 0 1350 620 0
18075 3161 190320722 0 1350 600 0
18140 3252 190320731 1 1340 600 703
18171 3316 190320741 1 1340 580 726
18181 3345 190320751 1 1320 570 726
18181 3345 190320761 1 1320 570 791
18172 3271 190320771 1 1340 560 846
18147 3138 190320781 1 1350 570 863
18108 2942 190320791 1 1350 580 865
18063 2682 190320801 1 1360 580 836
18020 2398 190320811 1 1380 590 777
17988 2132 190320821 1 1380 590 705
17966 1924 190320831 1 1380 590 629
17959 1792 190320841 1 1380 590 498
17949 1740 190320851 1 1380 590 280
17942 1740 190320861 0 1390 600 0
17908 1873 190320871 0 1390 600 0
17859 2074 190320881 0 1410 600 0
17786 2387 190320891 0 1410 600 0
17706 2794 190320901 0 1410 590 0
17631 3234 190320911 0 1390 580 0
17580 3607 190320921 0 1390 580 0
17546 3851 190320932 0 1400 580 0
17515 3966 190320942 1 1390 570 514
17506 3982 190320952 1 1400 560 451
17506 3941 190320962 1 1400 560 459
17559 3862 190320972 1 1410 560 491
17658 3737 190320982 1 1410 560 529
17795 3567 190320992 1 1430 560 550
17955 3372 190321002 1 1430 560 575
18122 3171 190321012 1 1420 570 579
18277 2956 190321022 1 1390 570 572
18399 2738 190321032 1 1390 570 560
18472 2520 190321042 1 1380 580 549
18486 2299 190321052 1 1360 580 526
18431 2090 190321062 1 1380 590 520
18327 1894 190321072 1 1380 590 520
18193 1733 190321082 1 1380 590 504
18060 1614 190321092 1 1390 600 524
17949 1541 190321102 1 1410 590 502
17879 1512 190321112 1 1420 590 444
17853 1525 190321122 1 1420 590 358
17879 1582 190321132 1 1420 590 331
17969 1683 190321143 1 1430 590 322
18120 1826 190321153 1 1430 590 295
18322 2006 190321163 1 1430 590 261
18548 2199 190321173 1 1430 590 276
18765 2386 190321183 1 1430 590 302
18939 2538 190321193 1 1420 590 345
19053 2633 190321203 1 1420 590 414
19104 2669 190321213 1 1390 600 502
19094 2631 190321223 1 1390 600 566
19038 2533 190321233 1 1360 600 601
18963 2402 190321243 1 1360 600 640
18892 2258 190321253 1 1360 600 640
18838 2136 190321263 1 1360 600 643
18813 2055 190321273 1 1380 590 640
18813 2006 190321283 1 1390 580 641
18847 1984 190321293 1 1390 580 641
18904 1993 190321303 1 1420 580 636
18997 2033 190321313 1 1420 580 622
19118 2101 190321323 1 1440 580 598
19261 2184 190321333 1 1440 580 600
19409 2257 190321344 1 1440 580 607
19545 2306 190321354 1 1430 590 620
19661 2318 190321364 1 1450 590 624
19753 2308 190321374 1 1440 600 633
19829 2275 190321384 1 1440 610 640
19891 2223 190321394 1 1440 610 641
19948 2154 190321404 1 1440 610 641
20005 2073 190321414 1 1450 600 638
20061 1982 190321424 1 1450 600 630
20118 1895 190321434 1 1460 600 627
20173 1819 190321444 1 1470 590 632
20229 1760 190321454 1 1490 580 632
20288 1724 190321464 1 1490 580 632
20354 1702 190321474 1 1500 580 637
20436 1702 190321484 1 1510 580 644
20538 1723 190321494 1 1530 580 654
20656 1770 190321504 1 1530 580 669
20792 1829 190321514 1 1530 580 702
20943 1889 190321524 1 1530 580 738
21098 1939 190321534 1 1530 580 781
21255 1973 190321545 1 1530 580 842
21407 1994 190321555 1 1540 570 895
21543 2004 190321565 1 1540 570 951
21666 2004 190321575 1 1540 570 996
21766 2004 190321585 1 1540 560 1023
21838 1997 190321595 1 1560 570 1023
21884 1997 190321605 1 1550 580 1023
21907 1997 190321615 1 1570 580 1023
21915 1989 190321625 1 1570 580 1023
21915 1989 190321635 1 1560 590 1023
21915 1989 190321645 1 1560 590 1023
21915 1989 190321655 1 1550 600 935
21915 1981 190321665 1 1550 600 727
21892 1961 190321675 1 1550 600 197
