165
24362 10562 190390542 1 1360 520 315
24395 10606 190390552 1 1340 520 378
24404 10616 190390562 1 1310 520 405
24404 10592 190390572 1 1300 530 458
24404 10523 190390582 1 1290 550 528
24413 10412 190390592 1 1290 560 562
24421 10263 190390602 1 1280 570 590
24428 10095 190390612 1 1280 580 612
24437 9935 190390622 1 1280 580 604
24447 9793 190390632 1 1280 580 583
24456 9683 190390642 1 1280 580 494
24456 9609 190390652 1 1280 580 355
24442 9562 190390662 1 1280 580 141
24425 9549 190390672 0 1270 590 0
24330 9575 190390682 0 1270 590 0
24222 9654 190390692 0 1270 590 0
24073 9786 190390702 0 1260 580 0
23890 9962 190390712 0 1260 580 0
23689 10148 190390722 0 1260 580 0
23592 10234 190390737 1 1270 570 99
23338 10438 190390747 1 1300 580 382
23229 10519 190390757 1 1310 570 435
23184 10571 190390767 1 1310 570 507
23195 10612 190390777 1 1310 570 603
23274 10654 190390787 1 1340 570 653
23430 10704 190390797 1 1320 580 688
23644 10772 190390807 1 1320 580 693
23908 10856 190390817 1 1320 580 697
24199 10949 190390827 1 1310 580 699
24477 11043 190390837 1 1300 580 646
24730 11134 190390847 1 1300 580 528
24935 11209 190390857 1 1300 580 329
25076 11258 190390867 1 1300 580 26
25141 11270 190390877 0 1300 580 0
25111 11228 190390887 0 1300 580 0
24990 11133 190390897 0 1310 570 0
24791 10990 190390907 0 1300 580 0
24545 10818 190390917 0 1300 580 0
24301 10636 190390927 0 1300 580 0
24095 10461 190390938 0 1280 570 0
23951 10305 190390948 0 1270 560 0
23907 10240 190390957 1 1260 560 434
23861 10112 190390967 1 1260 560 445
23892 10076 190390977 1 1260 540 466
23975 10076 190390987 1 1260 540 567
24091 10101 190390997 1 1260 540 627
24256 10136 190391007 1 1290 550 639
24442 10184 190391017 1 1300 550 568
24642 10240 190391027 1 1310 560 341
24852 10294 190391037 1 1310 570 1
25041 10338 190391047 0 1310 570 0
25185 10365 190391057 0 1320 580 0
25281 10365 190391067 0 1320 580 0
25334 10345 190391077 0 1340 580 0
25368 10308 190391087 0 1350 580 0
25403 10255 190391097 0 1360 580 0
25440 10192 190391107 0 1380 580 0
25452 10134 190391112 1 1390 580 625
25462 10090 190391122 1 1390 580 647
25462 10063 190391132 1 1390 580 692
25462 10063 190391142 1 1380 590 811
25476 10063 190391152 1 1380 590 859
25490 10063 190391162 1 1380 590 839
25500 10063 190391172 1 1360 600 747
25512 10063 190391182 1 1340 600 533
25536 10071 190391192 1 1340 600 93
25577 10081 190391202 0 1320 590 0
25627 10100 190391212 0 1340 600 0
25687 10126 190391222 0 1340 600 0
25768 10163 190391232 0 1350 600 0
25870 10212 190391242 0 1380 600 0
26000 10268 190391252 0 1380 600 0
26153 10336 190391262 0 1390 580 0
26309 10413 190391272 0 1390 570 0
26453 10488 190391282 0 1400 560 0
26581 10553 190391292 0 1400 550 0
26636 10576 190391308 1 1390 550 434
26720 10628 190391318 1 1360 550 734
26730 10636 190391328 1 1350 550 749
26730 10628 190391338 1 1340 560 761
26721 10593 190391348 1 1320 580 810
26721 10514 190391358 1 1310 600 850
26728 10397 190391368 1 1310 610 855
26719 10244 190391378 1 1300 620 846
26711 10067 190391388 1 1300 620 793
26686 9890 190391398 1 1300 620 712
26668 9733 190391408 1 1320 610 577
26650 9620 190391418 1 1320 610 351
26638 9561 190391428 1 1320 610 32
26625 9564 190391438 0 1320 610 0
26605 9632 190391448 0 1320 610 0
26574 9767 190391458 0 1320 610 0
26532 9976 190391468 0 1320 610 0
26480 10253 190391478 0 1310 610 0
26421 10575 190391488 0 1310 610 0
26359 10886 190391498 0 1310 600 0
26294 11128 190391509 0 1310 600 0
26220 11290 190391513 1 1310 580 629
26156 11367 190391523 1 1320 580 599
26119 11380 190391533 1 1320 570 555
26119 11373 190391543 1 1320 570 562
26165 11312 190391553 1 1340 560 585
26255 11207 190391563 1 1350 570 593
26376 11062 190391573 1 1350 570 604
26519 10888 190391583 1 1360 570 620
26672 10699 190391593 1 1360 570 610
26813 10508 190391603 1 1350 580 605
26924 10318 190391613 1 1340 580 585
26990 10126 190391623 1 1340 580 534
27005 9934 190391633 1 1320 590 447
26986 9751 190391643 1 1320 590 410
26925 9593 190391653 1 1310 600 409
26844 9474 190391663 1 1310 600 415
26764 9403 190391673 1 1310 600 408
26707 9374 190391683 1 1290 600 402
26681 9382 190391693 1 1290 600 396
26700 9424 190391703 1 1290 600 417
26764 9501 190391714 1 1290 600 412
26873 9605 190391724 1 1290 600 414
27020 9725 190391734 1 1290 600 407
27192 9846 190391744 1 1310 610 433
27369 9947 190391754 1 1310 610 494
27529 10020 190391764 1 1320 610 537
27659 10056 190391774 1 1320 610 592
27750 10056 190391784 1 1320 610 623
27807 10033 190391794 1 1330 620 661
27838 9983 190391804 1 1330 620 676
27856 9920 190391814 1 1350 630 683
27869 9855 190391824 1 1350 630 701
27885 9797 190391834 1 1350 630 709
27906 9756 190391844 1 1370 630 714
27939 9732 190391854 1 1370 630 720
27989 9732 190391864 1 1370 630 723
28063 9745 190391874 1 1350 640 717
28164 9780 190391884 1 1330 630 713
28292 9831 190391894 1 1330 630 700
28431 9883 190391904 1 1330 630 699
28570 9923 190391915 1 1320 630 707
28697 9949 190391925 1 1320 630 717
28806 9949 190391935 1 1320 630 723
28897 9939 190391945 1 1330 630 737
28972 9913 190391955 1 1350 640 750
29030 9873 190391965 1 1350 640 755
29078 9820 190391975 1 1350 650 756
29119 9758 190391985 1 1370 660 755
29159 9692 190391995 1 1390 670 752
29205 9628 190392005 1 1390 670 754
29254 9575 190392015 1 1370 670 756
29306 9538 190392025 1 1370 670 762
29366 9526 190392035 1 1370 670 781
29441 9519 190392045 1 1370 670 800
29533 9550 190392055 1 1350 680 819
29648 9591 190392065 1 1350 680 855
29768 9639 190392075 1 1350 680 888
29884 9683 190392085 1 1350 680 930
29984 9717 190392095 1 1350 680 966
30070 9741 190392105 1 1310 680 985
30142 9748 190392116 1 1310 680 1002
30205 9758 190392126 1 1300 670 1012
30268 9758 190392136 1 1300 670 1009
30327 9758 190392146 1 1280 660 1003
30387 9758 190392156 1 1280 660 975
30439 9749 190392166 1 1260 660 876
30476 9742 190392176 1 1260 660 677
30485 9727 190392186 1 1260 660 194
