158
24401 2881 190404201 1 1160 520 407
24409 2863 190404211 1 1180 540 396
24401 2794 190404221 1 1210 550 418
24387 2677 190404231 1 1240 550 444
24380 2514 190404241 1 1250 560 467
24370 2313 190404251 1 1260 570 474
24359 2116 190404261 1 1270 570 473
24345 1939 190404271 1 1280 580 465
24331 1793 190404281 1 1310 580 430
24324 1689 190404291 1 1320 590 314
24314 1626 190404301 1 1340 600 180
24305 1611 190404311 1 1340 600 48
24279 1635 190404321 0 1350 600 0
24239 1714 190404331 0 1350 600 0
24165 1848 190404341 0 1350 600 0
24051 2036 190404351 0 1350 600 0
23903 2255 190404361 0 1350 600 0
23734 2474 190404371 0 1340 600 0
23650 2573 190404387 1 1340 600 98
23410 2791 190404397 1 1320 590 325
23287 2868 190404407 1 1320 590 378
23208 2904 190404417 1 1320 590 417
23175 2922 190404427 1 1320 590 445
23208 2939 190404437 1 1320 590 474
23319 2977 190404447 1 1340 580 502
23512 3039 190404457 1 1340 580 530
23777 3129 190404467 1 1340 580 541
24091 3237 190404477 1 1340 570 538
24412 3349 190404487 1 1340 570 530
24708 3454 190404497 1 1310 570 415
24963 3542 190404507 1 1310 570 244
25161 3604 190404517 1 1300 560 22
25278 3618 190404527 0 1300 560 0
25290 3566 190404537 0 1290 560 0
25187 3450 190404547 0 1290 560 0
24991 3278 190404557 0 1290 560 0
24730 3077 190404567 0 1290 560 0
24459 2871 190404577 0 1270 560 0
24220 2673 190404588 0 1270 560 0
24033 2500 190404598 0 1270 560 0
23924 2359 190404608 0 1250 560 0
23890 2276 190404612 1 1250 560 367
23908 2238 190404622 1 1250 560 363
23980 2238 190404632 1 1260 570 401
24088 2261 190404642 1 1270 570 448
24222 2289 190404652 1 1280 580 470
24389 2329 190404662 1 1280 580 476
24563 2372 190404672 1 1290 590 448
24738 2413 190404682 1 1310 600 253
24822 2430 190404692 0 1310 600 0
25035 2462 190404702 0 1290 600 0
25131 2462 190404712 0 1280 590 0
25195 2455 190404722 0 1260 600 0
25242 2427 190404732 0 1260 600 0
25291 2385 190404742 0 1280 610 0
25358 2330 190404752 0 1290 610 0
25445 2271 190404762 0 1290 610 0
25534 2217 190404772 0 1320 610 0
25608 2183 190404782 1 1350 620 533
25658 2162 190404792 1 1390 610 576
25681 2162 190404802 1 1450 590 698
25689 2162 190404812 1 1490 580 775
25689 2169 190404822 1 1510 560 768
25697 2169 190404832 1 1530 550 723
25708 2177 190404842 1 1530 540 596
25721 2177 190404852 1 1540 530 384
25751 2185 190404862 1 1540 530 44
25797 2193 190404872 0 1540 530 0
25855 2219 190404882 0 1530 540 0
25923 2253 190404892 0 1530 550 0
26000 2309 190404902 0 1490 560 0
26093 2393 190404912 0 1460 570 0
26210 2512 190404922 0 1420 580 0
26347 2662 190404932 0 1390 580 0
26494 2816 190404942 0 1350 590 0
26633 2941 190404952 0 1340 600 0
26740 3021 190404962 0 1310 600 0
26801 3052 190404972 1 1290 600 503
26818 3037 190404982 1 1310 600 571
26807 2974 190404992 1 1320 600 662
26770 2861 190405002 1 1340 600 731
26737 2696 190405012 1 1350 600 757
26692 2481 190405022 1 1360 600 754
26652 2248 190405032 1 1360 600 729
26625 2022 190405042 1 1360 600 675
26603 1824 190405052 1 1380 590 576
26596 1686 190405062 1 1380 590 432
26596 1609 190405072 1 1390 580 280
26596 1593 190405082 1 1400 580 37
26596 1637 190405092 0 1420 570 0
26596 1749 190405102 0 1400 560 0
26587 1952 190405112 0 1410 560 0
26579 2252 190405122 0 1400 550 0
26565 2620 190405132 0 1390 560 0
26550 3003 190405142 0 1390 560 0
26528 3322 190405152 0 1380 570 0
26491 3535 190405162 0 1380 570 0
26430 3651 190405173 1 1380 570 471
26364 3692 190405183 1 1360 570 461
26309 3692 190405193 1 1360 570 461
26282 3682 190405203 1 1360 570 481
26306 3630 190405213 1 1360 570 518
26374 3545 190405223 1 1360 570 539
26484 3425 190405233 1 1380 570 560
26628 3276 190405243 1 1360 570 576
26786 3100 190405253 1 1360 570 579
26929 2901 190405263 1 1360 570 575
27040 2675 190405273 1 1350 580 567
27104 2432 190405283 1 1360 580 520
27119 2189 190405293 1 1360 580 490
27088 1964 190405303 1 1390 580 474
27013 1776 190405313 1 1400 580 475
26911 1640 190405323 1 1420 570 480
26806 1556 190405333 1 1430 560 483
26722 1517 190405343 1 1440 560 482
26673 1517 190405353 1 1450 550 433
26666 1557 190405363 1 1460 540 425
26722 1621 190405374 1 1470 530 401
26823 1713 190405384 1 1460 530 400
26976 1826 190405394 1 1460 530 397
27162 1943 190405404 1 1460 530 403
27362 2055 190405414 1 1480 530 415
27555 2142 190405424 1 1480 530 455
27715 2193 190405434 1 1490 530 481
27837 2204 190405444 1 1490 530 529
27915 2184 190405454 1 1510 530 578
27959 2135 190405464 1 1510 530 612
27980 2065 190405474 1 1490 530 644
27989 1988 190405484 1 1500 520 660
27999 1911 190405494 1 1490 520 661
28016 1845 190405504 1 1480 510 673
28044 1798 190405514 1 1470 510 683
28082 1772 190405524 1 1450 510 680
28133 1772 190405534 1 1450 500 683
28205 1789 190405544 1 1440 490 691
28302 1829 190405554 1 1440 490 690
28416 1884 190405564 1 1440 490 688
28546 1945 190405575 1 1450 500 690
28674 2002 190405585 1 1460 490 692
28797 2046 190405595 1 1470 480 701
28915 2075 190405605 1 1480 470 704
29026 2083 190405615 1 1500 460 705
29131 2083 190405625 1 1520 440 712
29232 2070 190405635 1 1530 440 720
29333 2048 190405645 1 1550 420 720
29436 2020 190405655 1 1570 410 741
29547 1993 190405665 1 1580 400 783
29657 1972 190405675 1 1600 380 818
29767 1965 190405685 1 1600 370 851
29873 1965 190405695 1 1610 360 869
29972 1965 190405705 1 1610 360 909
30061 1987 190405715 1 1610 360 937
30140 2008 190405725 1 1620 350 957
30202 2028 190405735 1 1620 350 961
30243 2044 190405745 1 1620 350 957
30266 2051 190405755 1 1620 350 916
30266 2058 190405765 1 1610 360 772
30266 2045 190405776 1 1610 360 479
