172
15316 10464 190305685 1 1340 540 72
15371 10592 190305695 1 1350 540 309
15379 10640 190305705 1 1340 550 378
15386 10648 190305715 1 1350 550 430
15386 10609 190305725 1 1340 560 470
15386 10525 190305735 1 1320 570 496
15386 10393 190305745 1 1320 570 551
15396 10219 190305755 1 1310 570 568
15415 10034 190305765 1 1310 570 575
15437 9855 190305775 1 1310 570 575
15461 9700 190305785 1 1310 570 569
15481 9583 190305795 1 1310 570 500
15499 9502 190305805 1 1300 580 382
15506 9457 190305815 1 1280 570 249
15506 9448 190305825 1 1270 560 45
15483 9496 190305835 0 1270 560 0
15419 9594 190305845 0 1260 560 0
15304 9748 190305855 0 1260 560 0
15140 9940 190305865 0 1250 550 0
14950 10136 190305875 0 1260 540 0
14765 10303 190305886 0 1280 540 0
14619 10417 190305896 0 1290 530 0
14505 10493 190305910 1 1300 530 355
14432 10537 190305920 1 1300 530 416
14401 10567 190305930 1 1310 520 445
14410 10609 190305940 1 1330 520 521
14488 10660 190305950 1 1330 520 569
14626 10737 190305960 1 1330 520 591
14827 10840 190305970 1 1330 520 620
15079 10953 190305980 1 1310 520 626
15355 11069 190305990 1 1310 520 626
15635 11172 190306000 1 1300 530 563
15890 11261 190306010 1 1300 530 417
16102 11324 190306020 1 1300 530 203
16190 11340 190306030 0 1310 540 0
16341 11301 190306040 0 1310 540 0
16315 11194 190306050 0 1330 540 0
16181 11023 190306060 0 1310 550 0
15960 10811 190306070 0 1300 540 0
15699 10586 190306080 0 1310 540 0
15458 10366 190306090 0 1300 530 0
15270 10174 190306100 0 1300 530 0
15151 10021 190306111 0 1300 530 0
15097 9926 190306110 1 1310 520 391
15083 9879 190306120 1 1310 520 393
15103 9871 190306130 1 1330 530 486
15155 9895 190306140 1 1330 530 595
15236 9927 190306150 1 1340 540 640
15355 9972 190306160 1 1330 540 637
15496 10031 190306170 1 1310 550 631
15659 10098 190306180 1 1310 550 508
15837 10166 190306190 1 1300 550 195
15930 10198 190306200 0 1300 550 0
16179 10285 190306210 0 1300 550 0
16305 10326 190306220 0 1300 550 0
16398 10353 190306230 0 1310 550 0
16475 10360 190306240 0 1330 540 0
16554 10352 190306250 0 1340 540 0
16651 10322 190306260 0 1350 530 0
16755 10275 190306270 0 1360 520 0
16805 10248 190306285 1 1370 520 527
16892 10183 190306295 1 1370 520 621
16919 10157 190306305 1 1370 520 732
16919 10150 190306315 1 1370 520 853
16919 10150 190306325 1 1370 530 904
16926 10150 190306335 1 1360 540 893
16933 10150 190306345 1 1350 550 839
16933 10150 190306355 1 1340 560 711
16940 10150 190306365 1 1320 570 424
16958 10150 190306375 1 1320 570 41
16984 10160 190306385 0 1320 570 0
17023 10195 190306395 0 1320 570 0
17076 10259 190306405 0 1320 570 0
17152 10354 190306415 0 1320 570 0
17251 10467 190306425 0 1350 570 0
17377 10581 190306435 0 1380 570 0
17520 10694 190306445 0 1390 560 0
17670 10796 190306455 0 1400 560 0
17815 10885 190306465 0 1390 560 0
17949 10952 190306475 0 1380 550 0
18008 10975 190306486 1 1380 550 546
18101 11026 190306496 1 1360 550 683
18123 11033 190306506 1 1350 550 726
18123 11025 190306516 1 1320 550 758
18110 10988 190306526 1 1320 550 846
18110 10913 190306536 1 1320 550 878
18100 10793 190306546 1 1320 550 902
18089 10621 190306556 1 1340 560 902
18074 10406 190306566 1 1340 560 895
18058 10171 190306576 1 1340 560 895
18045 9942 190306586 1 1320 570 882
18033 9755 190306596 1 1320 570 818
18033 9625 190306606 1 1320 570 734
18026 9548 190306616 1 1320 570 598
18026 9531 190306626 1 1310 570 378
18018 9578 190306636 1 1310 570 44
17998 9712 190306646 0 1300 560 0
17961 9945 190306656 0 1300 560 0
17902 10270 190306666 0 1290 560 0
17830 10639 190306676 0 1300 550 0
17752 10975 190306687 0 1300 550 0
17671 11219 190306697 0 1310 550 0
17569 11366 190306701 1 1330 540 578
17470 11429 190306711 1 1330 540 609
17391 11440 190306721 1 1340 540 594
17343 11440 190306731 1 1350 530 592
17355 11416 190306741 1 1350 530 612
17412 11359 190306751 1 1370 530 620
17513 11271 190306761 1 1370 530 641
17661 11154 190306771 1 1390 540 662
17854 11015 190306781 1 1390 540 667
18066 10856 190306791 1 1370 540 670
18268 10681 190306801 1 1370 540 666
18434 10493 190306811 1 1360 550 645
18542 10291 190306821 1 1350 550 606
18590 10085 190306831 1 1350 550 590
18577 9890 190306841 1 1340 560 570
18514 9723 190306851 1 1340 560 579
18419 9596 190306861 1 1320 570 563
18315 9514 190306871 1 1320 570 565
18228 9476 190306881 1 1320 570 549
18173 9476 190306891 1 1320 570 493
18162 9522 190306902 1 1320 570 407
18219 9615 190306912 1 1320 570 369
18328 9751 190306922 1 1320 570 326
18488 9916 190306932 1 1320 570 329
18670 10071 190306942 1 1320 570 400
18839 10192 190306952 1 1320 570 474
18976 10261 190306962 1 1320 570 530
19069 10276 190306972 1 1320 570 560
19124 10257 190306982 1 1340 560 617
19152 10201 190306992 1 1340 560 658
19163 10122 190307002 1 1350 570 674
19163 10034 190307012 1 1350 570 685
19170 9954 190307022 1 1360 570 693
19185 9896 190307032 1 1360 570 697
19205 9862 190307042 1 1360 570 694
19234 9853 190307052 1 1360 570 702
19283 9853 190307062 1 1360 570 705
19361 9889 190307072 1 1360 570 700
19471 9945 190307082 1 1360 570 693
19603 10012 190307092 1 1360 570 687
19738 10077 190307103 1 1360 570 691
19865 10124 190307113 1 1360 570 692
19977 10148 190307123 1 1360 570 688
20078 10148 190307133 1 1360 570 690
20168 10135 190307143 1 1360 570 698
20245 10096 190307153 1 1360 570 701
20309 10036 190307163 1 1360 570 699
20364 9962 190307173 1 1360 570 703
20418 9881 190307183 1 1360 570 703
20471 9803 190307193 1 1360 570 705
20524 9736 190307203 1 1360 570 710
20576 9688 190307213 1 1360 580 709
20625 9663 190307223 1 1360 580 708
20676 9663 190307233 1 1380 590 712
20739 9692 190307243 1 1380 590 713
20814 9744 190307253 1 1380 590 709
20905 9809 190307263 1 1380 590 713
20998 9870 190307273 1 1380 590 743
21083 9919 190307283 1 1380 590 789
21159 9951 190307293 1 1380 590 827
21220 9970 190307304 1 1390 600 862
21279 9977 190307314 1 1390 600 901
21339 9986 190307324 1 1410 600 933
21409 9994 190307334 1 1410 600 975
21496 9994 190307344 1 1420 610 995
21581 10002 190307354 1 1440 600 990
21655 10002 190307364 1 1450 600 989
21715 10009 190307374 1 1450 600 957
21752 10009 190307384 1 1450 600 797
21774 10000 190307394 1 1450 600 310
