182
15483 6906 190312795 1 1250 600 319
15503 7056 190312805 1 1240 600 393
15510 7112 190312815 1 1240 580 419
15510 7126 190312825 1 1240 570 445
15510 7089 190312835 1 1230 560 498
15520 6976 190312845 1 1250 560 567
15528 6808 190312855 1 1240 550 601
15540 6589 190312865 1 1240 540 622
15559 6348 190312875 1 1230 550 634
15576 6114 190312885 1 1230 550 629
15596 5907 190312895 1 1230 550 580
15615 5745 190312905 1 1220 560 524
15623 5635 190312915 1 1220 560 407
15634 5576 190312925 1 1210 560 250
15634 5568 190312935 1 1210 560 43
15606 5624 190312945 0 1190 560 0
15538 5737 190312955 0 1190 560 0
15423 5911 190312965 0 1190 560 0
15265 6134 190312975 0 1190 560 0
15079 6375 190312985 0 1190 560 0
14886 6587 190312996 0 1210 560 0
14716 6735 190313006 0 1210 560 0
14585 6820 190313020 1 1220 560 306
14493 6857 190313030 1 1220 560 320
14446 6864 190313040 1 1240 550 367
14439 6889 190313050 1 1240 550 433
14483 6924 190313060 1 1250 550 481
14584 6969 190313070 1 1240 540 519
14744 7034 190313080 1 1240 540 543
14961 7114 190313090 1 1250 540 567
15215 7199 190313100 1 1250 540 576
15479 7290 190313110 1 1260 540 544
15731 7380 190313120 1 1260 540 445
15948 7454 190313130 1 1280 540 231
16039 7483 190313140 0 1280 540 0
16227 7509 190313150 0 1280 540 0
16253 7453 190313160 0 1280 540 0
16205 7351 190313170 0 1280 540 0
16083 7214 190313180 0 1280 540 0
15920 7055 190313190 0 1250 540 0
15741 6884 190313200 0 1240 530 0
15565 6712 190313210 0 1220 530 0
15414 6540 190313221 0 1220 530 0
15295 6377 190313231 0 1210 520 0
15252 6303 190313235 1 1210 530 357
15171 6153 190313245 1 1220 530 434
15160 6103 190313255 1 1230 530 430
15160 6091 190313265 1 1240 540 506
15189 6091 190313275 1 1260 560 574
15251 6104 190313285 1 1270 560 622
15345 6133 190313295 1 1280 570 662
15474 6179 190313305 1 1300 580 641
15638 6238 190313315 1 1300 580 552
15826 6312 190313325 1 1280 570 355
16014 6387 190313335 1 1280 570 59
16182 6449 190313345 0 1260 570 0
16309 6489 190313355 0 1260 570 0
16389 6496 190313365 0 1260 570 0
16438 6475 190313375 0 1240 570 0
16482 6438 190313385 0 1260 570 0
16544 6389 190313395 0 1260 570 0
16627 6338 190313405 0 1290 560 0
16716 6279 190313415 0 1300 550 0
16755 6245 190313426 1 1310 550 295
16811 6171 190313436 1 1330 540 602
16818 6136 190313446 1 1330 540 683
16818 6126 190313456 1 1350 540 804
16807 6126 190313466 1 1340 550 874
16817 6119 190313476 1 1350 550 871
16826 6119 190313486 1 1340 560 837
16826 6119 190313496 1 1310 570 726
16835 6126 190313506 1 1300 580 474
16851 6134 190313516 1 1300 580 93
16876 6158 190313526 0 1300 580 0
16905 6198 190313536 0 1300 580 0
16933 6246 190313546 0 1300 580 0
16969 6301 190313556 0 1300 580 0
17017 6351 190313566 0 1340 570 0
17091 6395 190313576 0 1350 570 0
17198 6442 190313586 0 1390 560 0
17327 6493 190313596 0 1430 560 0
17466 6547 190313606 0 1440 560 0
17609 6610 190313616 0 1440 560 0
17740 6684 190313627 0 1410 560 0
17852 6765 190313637 0 1390 560 0
17944 6851 190313647 0 1360 560 0
18017 6939 190313657 0 1320 550 0
18080 7029 190313667 0 1290 560 0
18121 7112 190313681 1 1260 560 588
18141 7180 190313691 1 1240 550 678
18141 7220 190313701 1 1240 550 726
18141 7229 190313711 1 1250 550 783
18141 7202 190313721 1 1270 550 826
18141 7114 190313731 1 1290 560 861
18133 6980 190313741 1 1310 560 876
18121 6783 190313751 1 1310 570 880
18103 6541 190313761 1 1310 570 863
18095 6304 190313771 1 1310 570 800
18084 6085 190313781 1 1300 580 741
18074 5922 190313791 1 1300 580 622
18067 5826 190313801 1 1280 580 462
18052 5791 190313811 1 1280 580 175
18038 5798 190313821 0 1280 580 0
17948 5924 190313831 0 1280 580 0
17840 6111 190313841 0 1280 580 0
17699 6390 190313851 0 1280 580 0
17550 6733 190313861 0 1280 580 0
17428 7084 190313871 0 1300 580 0
17346 7369 190313882 0 1310 570 0
17315 7472 190313886 1 1310 570 489
17260 7647 190313896 1 1320 570 524
17251 7663 190313906 1 1350 570 490
17263 7652 190313916 1 1350 570 496
17327 7607 190313926 1 1380 570 540
17439 7530 190313936 1 1380 570 576
17590 7426 190313946 1 1380 570 613
17773 7301 190313956 1 1360 560 620
17966 7167 190313966 1 1360 560 627
18156 7019 190313976 1 1340 560 628
18321 6862 190313986 1 1340 560 627
18440 6698 190313996 1 1320 570 612
18511 6521 190314006 1 1320 570 606
18523 6333 190314016 1 1310 570 593
18457 6137 190314026 1 1310 570 578
18342 5947 190314036 1 1300 580 586
18195 5780 190314046 1 1300 580 603
18046 5653 190314056 1 1280 580 610
17922 5572 190314066 1 1280 580 615
17843 5531 190314076 1 1280 580 607
17814 5523 190314087 1 1280 580 577
17835 5552 190314097 1 1280 580 558
17914 5625 190314107 1 1270 570 519
18044 5741 190314117 1 1270 570 514
18221 5899 190314127 1 1260 570 475
18430 6093 190314137 1 1270 570 462
18641 6278 190314147 1 1270 570 461
18821 6431 190314157 1 1280 580 468
18953 6533 190314167 1 1280 580 496
19026 6568 190314177 1 1280 580 548
19053 6552 190314187 1 1290 590 588
19046 6496 190314197 1 1290 590 612
19020 6411 190314207 1 1310 600 622
18994 6313 190314217 1 1310 600 627
18974 6220 190314227 1 1310 600 620
18974 6149 190314237 1 1310 600 615
18992 6106 190314247 1 1310 600 609
19032 6087 190314257 1 1310 600 609
19094 6087 190314267 1 1320 590 599
19185 6112 190314277 1 1320 590 574
19300 6156 190314288 1 1320 590 572
19436 6217 190314298 1 1340 600 572
19573 6281 190314308 1 1350 590 587
19694 6330 190314318 1 1360 600 606
19802 6367 190314328 1 1360 600 621
19890 6377 190314338 1 1360 600 623
19963 6377 190314348 1 1360 600 648
20030 6345 190314358 1 1380 590 662
20088 6294 190314368 1 1360 580 660
20147 6227 190314378 1 1360 580 669
20208 6149 190314388 1 1350 580 669
20267 6072 190314398 1 1350 580 670
20325 5999 190314408 1 1340 580 671
20383 5935 190314418 1 1340 580 673
20447 5889 190314428 1 1350 590 677
20528 5865 190314438 1 1340 600 683
20620 5865 190314448 1 1350 600 699
20729 5899 190314458 1 1350 600 710
20858 5946 190314468 1 1350 600 712
20993 6000 190314478 1 1350 600 722
21135 6049 190314489 1 1360 610 749
21271 6085 190314499 1 1360 610 790
21409 6113 190314509 1 1380 610 837
21557 6132 190314519 1 1380 610 871
21711 6148 190314529 1 1380 610 919
21873 6162 190314539 1 1390 610 964
22034 6177 190314549 1 1410 610 997
22182 6191 190314559 1 1410 610 1012
22316 6202 190314569 1 1430 620 1015
22423 6212 190314579 1 1440 610 1014
22491 6212 190314589 1 1440 610 971
22521 6212 190314599 1 1440 610 853
22521 6212 190314609 1 1440 610 526
