212
6579 17928 190191626 1 1380 510 113
6603 17941 190191636 1 1400 520 163
6620 17961 190191646 1 1400 520 236
6631 17972 190191656 1 1410 520 322
6642 17979 190191666 1 1420 520 390
6649 17979 190191676 1 1420 520 437
6649 17979 190191686 1 1420 520 467
6649 17960 190191696 1 1420 520 499
6649 17934 190191706 1 1420 520 533
6657 17894 190191716 1 1420 520 551
6664 17842 190191726 1 1420 520 571
6679 17770 190191736 1 1420 520 599
6690 17676 190191746 1 1400 520 627
6707 17563 190191756 1 1400 520 658
6732 17439 190191766 1 1400 520 681
6761 17299 190191776 1 1370 520 713
6794 17164 190191786 1 1370 520 721
6827 17035 190191796 1 1360 520 740
6851 16913 190191806 1 1350 530 756
6868 16819 190191816 1 1350 530 772
6876 16753 190191827 1 1340 540 784
6885 16711 190191837 1 1330 540 792
6893 16693 190191847 1 1310 550 805
6893 16693 190191857 1 1310 550 815
6893 16693 190191867 1 1310 560 818
6893 16703 190191877 1 1310 560 800
6893 16714 190191887 1 1320 570 750
6885 16728 190191897 1 1320 570 648
6877 16742 190191907 1 1320 570 488
6859 16760 190191917 1 1320 570 136
6849 16769 190191927 0 1340 560 0
6802 16812 190191937 0 1340 560 0
6757 16859 190191947 0 1320 550 0
6707 16930 190191957 0 1320 550 0
6657 17024 190191967 0 1310 550 0
6608 17136 190191977 0 1310 550 0
6563 17253 190191987 0 1310 550 0
6521 17365 190191997 0 1310 550 0
6478 17460 190192007 0 1310 550 0
6432 17536 190192017 0 1310 550 0
6381 17595 190192028 0 1330 540 0
6328 17638 190192038 0 1340 540 0
6274 17675 190192048 0 1330 530 0
6226 17707 190192058 0 1340 520 0
6185 17739 190192068 0 1340 510 0
6151 17769 190192078 0 1350 510 0
6122 17797 190192088 0 1350 510 0
6099 17818 190192098 0 1350 510 0
6084 17833 190192108 0 1360 500 0
6077 17833 190192121 1 1360 500 183
6056 17852 190192131 1 1360 500 279
6045 17859 190192141 1 1360 500 377
6036 17869 190192151 1 1370 500 462
6036 17878 190192161 1 1370 500 539
6036 17886 190192171 1 1370 500 591
6050 17895 190192181 1 1370 500 623
6071 17904 190192191 1 1370 500 649
6102 17916 190192201 1 1370 500 672
6159 17937 190192211 1 1370 500 694
6253 17969 190192221 1 1370 500 715
6389 18016 190192231 1 1370 500 733
6567 18080 190192241 1 1370 510 750
6774 18158 190192251 1 1370 510 754
6982 18240 190192261 1 1380 510 753
7168 18313 190192271 1 1370 520 743
7319 18372 190192281 1 1390 520 713
7430 18408 190192291 1 1370 530 659
7501 18426 190192301 1 1390 540 551
7542 18426 190192311 1 1370 540 412
7554 18418 190192322 1 1360 550 224
7554 18403 190192332 0 1360 550 0
7504 18319 190192342 0 1360 550 0
7432 18240 190192352 0 1360 550 0
7338 18149 190192362 0 1360 550 0
7231 18061 190192372 0 1360 550 0
7124 17977 190192382 0 1360 550 0
7022 17893 190192392 0 1370 540 0
6930 17813 190192402 0 1370 540 0
6850 17739 190192412 0 1390 540 0
6789 17673 190192422 0 1390 540 0
6747 17617 190192432 0 1400 530 0
6721 17567 190192442 0 1400 530 0
6712 17525 190192452 0 1400 530 0
6705 17484 190192462 0 1400 530 0
6714 17447 190192472 0 1400 530 0
6721 17430 190192482 1 1390 520 182
6744 17395 190192492 1 1390 520 258
6760 17388 190192502 1 1370 520 300
6777 17380 190192512 1 1370 520 390
6807 17380 190192522 1 1370 520 488
6867 17395 190192532 1 1370 520 536
6955 17420 190192542 1 1370 520 574
7068 17458 190192552 1 1390 520 580
7185 17502 190192562 1 1390 520 575
7287 17538 190192572 1 1390 540 544
7361 17564 190192582 1 1390 540 446
7405 17572 190192592 1 1390 540 261
7428 17572 190192602 1 1390 540 1
7428 17559 190192612 0 1370 540 0
7414 17539 190192622 0 1370 540 0
7383 17510 190192632 0 1360 550 0
7354 17484 190192642 0 1350 540 0
7343 17463 190192652 0 1340 540 0
7356 17455 190192662 0 1310 540 0
7412 17455 190192672 0 1300 530 0
7504 17455 190192683 0 1290 520 0
7625 17470 190192693 0 1280 520 0
7762 17488 190192703 0 1270 510 0
7904 17509 190192713 0 1270 510 0
8040 17528 190192723 0 1260 500 0
8160 17546 190192733 0 1260 500 0
8274 17554 190192743 0 1270 510 0
8371 17565 190192753 0 1270 510 0
8455 17583 190192763 0 1280 520 0
8525 17608 190192773 0 1290 520 0
8589 17650 190192783 0 1300 530 0
8647 17714 190192793 0 1310 540 0
8709 17799 190192803 0 1340 540 0
8775 17902 190192813 0 1350 540 0
8808 17957 190192822 1 1350 540 140
8886 18106 190192832 1 1360 550 246
8916 18165 190192842 1 1360 550 310
8925 18180 190192852 1 1370 540 371
8925 18128 190192862 1 1370 540 458
8908 18021 190192872 1 1370 540 513
8888 17859 190192882 1 1370 540 547
8870 17645 190192892 1 1370 540 568
8850 17419 190192902 1 1370 540 577
8850 17207 190192912 1 1370 540 585
8850 17038 190192922 1 1360 550 581
8858 16930 190192932 1 1350 550 531
8866 16879 190192942 1 1340 560 440
8866 16879 190192952 1 1320 570 247
8866 16900 190192962 0 1310 570 0
8822 17067 190192972 0 1300 580 0
8770 17277 190192982 0 1300 580 0
8703 17563 190192992 0 1300 580 0
8630 17886 190193002 0 1310 570 0
8568 18178 190193012 0 1320 570 0
8523 18392 190193023 0 1340 560 0
8506 18459 190193033 1 1350 550 270
8457 18533 190193043 1 1360 550 289
8447 18520 190193053 1 1360 550 265
8456 18476 190193063 1 1360 550 258
8510 18416 190193073 1 1360 550 302
8613 18328 190193083 1 1350 540 362
8750 18225 190193093 1 1350 540 402
8913 18114 190193103 1 1360 550 412
9085 17989 190193113 1 1360 550 414
9246 17843 190193123 1 1370 540 406
9374 17683 190193133 1 1370 540 379
9455 17510 190193143 1 1360 550 379
9482 17339 190193153 1 1360 550 386
9459 17179 190193163 1 1360 550 422
9390 17047 190193173 1 1350 550 442
9294 16946 190193183 1 1340 560 473
9194 16884 190193193 1 1310 570 483
9116 16855 190193203 1 1300 580 480
9073 16855 190193213 1 1280 580 444
9073 16870 190193223 1 1280 580 423
9124 16914 190193234 1 1280 580 415
9218 16985 190193244 1 1280 580 400
9357 17086 190193254 1 1280 580 377
9527 17208 190193264 1 1280 580 344
9712 17343 190193274 1 1280 580 324
9889 17478 190193284 1 1300 580 317
10038 17593 190193294 1 1310 570 320
10147 17675 190193304 1 1310 570 354
10211 17710 190193314 1 1320 570 412
10235 17697 190193324 1 1340 560 468
10228 17640 190193334 1 1340 560 515
10201 17550 190193344 1 1350 550 557
10170 17443 190193354 1 1350 550 585
10147 17344 190193364 1 1350 550 589
10147 17266 190193374 1 1350 550 582
10154 17216 190193384 1 1340 560 577
10185 17188 190193394 1 1340 560 586
10234 17181 190193404 1 1320 570 579
10301 17197 190193414 1 1320 570 568
10392 17235 190193424 1 1310 570 564
10501 17290 190193435 1 1310 570 555
10623 17351 190193445 1 1310 570 552
10749 17405 190193455 1 1310 570 551
10873 17444 190193465 1 1320 570 550
10995 17470 190193475 1 1340 570 551
11110 17477 190193485 1 1350 570 569
11219 17477 190193495 1 1360 570 566
11317 17453 190193505 1 1360 570 579
11401 17419 190193515 1 1380 570 595
11474 17372 190193525 1 1380 570 594
11540 17319 190193535 1 1380 570 598
11605 17266 190193545 1 1380 570 601
11672 17222 190193555 1 1360 570 614
11741 17192 190193565 1 1360 570 620
11810 17183 190193575 1 1350 580 625
11884 17183 190193585 1 1350 580 638
11960 17208 190193595 1 1340 580 661
12031 17240 190193605 1 1340 580 681
12096 17277 190193615 1 1340 580 739
12153 17311 190193625 1 1340 580 794
12200 17334 190193636 1 1340 580 826
12246 17352 190193646 1 1340 580 860
12290 17360 190193656 1 1350 580 881
12329 17371 190193666 1 1350 580 903
12361 17379 190193676 1 1350 580 923
12385 17379 190193686 1 1360 570 932
12401 17379 190193696 1 1380 580 935
12409 17379 190193706 1 1380 580 930
12409 17379 190193716 1 1390 580 897
12409 17379 190193726 1 1400 580 808
12409 17379 190193736 1 1400 580 598
12409 17379 190193746 1 1400 580 76
