152
6847 14248 190200854 1 1410 520 31
6867 14217 190200864 1 1400 530 120
6867 14149 190200874 1 1400 530 151
6867 14044 190200884 1 1390 540 183
6867 13912 190200894 1 1390 540 232
6878 13762 190200904 1 1370 540 283
6896 13616 190200914 1 1360 550 317
6916 13487 190200924 1 1350 550 341
6936 13376 190200934 1 1350 550 341
6952 13291 190200944 1 1340 560 338
6962 13234 190200954 1 1340 560 316
6962 13204 190200964 1 1320 570 236
6962 13204 190200974 0 1320 570 0
6921 13250 190200984 0 1310 570 0
6868 13343 190200994 0 1310 570 0
6791 13496 190201004 0 1310 570 0
6695 13708 190201014 0 1310 570 0
6600 13953 190201024 0 1320 570 0
6518 14194 190201034 0 1320 550 0
6453 14387 190201044 0 1340 550 0
6404 14502 190201055 0 1350 530 0
6385 14533 190201064 1 1360 520 304
6331 14564 190201074 1 1360 510 336
6312 14564 190201084 1 1370 510 355
6322 14574 190201094 1 1370 500 427
6368 14593 190201104 1 1370 500 494
6455 14625 190201114 1 1370 500 538
6580 14669 190201124 1 1360 500 570
6730 14723 190201134 1 1350 510 573
6897 14774 190201144 1 1360 510 572
7058 14816 190201154 1 1350 520 555
7201 14846 190201164 1 1350 530 459
7316 14857 190201174 1 1350 530 259
7396 14857 190201184 1 1340 540 32
7433 14805 190201194 0 1340 540 0
7404 14709 190201204 0 1340 540 0
7302 14570 190201214 0 1340 540 0
7136 14408 190201224 0 1340 540 0
6945 14251 190201234 0 1350 530 0
6778 14112 190201244 0 1350 530 0
6662 13998 190201254 0 1360 520 0
6602 13914 190201265 0 1360 520 0
6593 13882 190201274 1 1370 520 265
6608 13830 190201284 1 1360 520 294
6655 13830 190201294 1 1360 520 398
6735 13845 190201304 1 1360 520 477
6832 13874 190201314 1 1350 530 526
6947 13913 190201324 1 1340 540 543
7062 13954 190201334 1 1340 540 541
7162 13989 190201344 1 1340 540 489
7242 14015 190201354 1 1340 540 311
7299 14024 190201364 1 1340 540 28
7330 14024 190201374 0 1340 540 0
7338 14024 190201384 0 1330 530 0
7346 14024 190201394 0 1310 520 0
7366 14024 190201404 0 1310 520 0
7409 14024 190201414 0 1300 520 0
7487 14024 190201424 0 1300 510 0
7593 14032 190201434 0 1300 500 0
7712 14032 190201444 0 1310 480 0
7830 14032 190201454 0 1310 470 0
7940 14039 190201464 0 1310 470 0
8040 14064 190201475 0 1320 470 0
8128 14093 190201485 0 1330 460 0
8204 14133 190201495 0 1340 470 0
8274 14182 190201505 0 1360 470 0
8340 14235 190201515 0 1370 470 0
8399 14282 190201525 0 1370 480 0
8445 14319 190201540 1 1380 490 395
8476 14330 190201550 1 1380 500 382
8502 14318 190201560 1 1380 510 407
8525 14274 190201570 1 1370 520 436
8553 14196 190201580 1 1370 520 454
8581 14086 190201590 1 1360 520 458
8601 13950 190201600 1 1350 530 450
8617 13813 190201610 1 1350 530 423
8625 13687 190201620 1 1340 540 354
8636 13598 190201630 1 1340 540 185
8645 13557 190201640 1 1340 540 39
8630 13566 190201650 0 1350 540 0
8595 13626 190201660 0 1340 550 0
8538 13745 190201670 0 1340 550 0
8473 13929 190201680 0 1340 550 0
8409 14178 190201690 0 1340 540 0
8358 14468 190201700 0 1340 540 0
8323 14742 190201710 0 1350 530 0
8309 14857 190201725 1 1360 520 33
8270 15082 190201735 1 1360 520 219
8261 15127 190201745 1 1370 520 206
8253 15116 190201755 1 1370 520 225
8289 15070 190201765 1 1370 520 289
8358 14990 190201775 1 1370 520 350
8460 14880 190201785 1 1370 520 405
8591 14752 190201795 1 1370 520 441
8742 14617 190201805 1 1360 520 459
8897 14474 190201815 1 1360 520 496
9029 14326 190201825 1 1370 530 508
9123 14166 190201835 1 1360 540 520
9163 13994 190201845 1 1370 540 531
9150 13819 190201855 1 1370 540 522
9093 13660 190201865 1 1390 550 515
9014 13533 190201875 1 1380 550 488
8938 13451 190201885 1 1390 560 415
8882 13413 190201895 1 1390 560 287
8866 13413 190201905 1 1380 570 135
8882 13450 190201915 1 1360 560 50
8910 13478 190201926 0 1360 560 0
9049 13599 190201936 0 1350 550 0
9179 13696 190201946 0 1350 550 0
9313 13790 190201956 0 1350 550 0
9427 13869 190201960 1 1350 550 60
9510 13922 190201970 1 1350 550 122
9558 13945 190201980 1 1350 550 208
9582 13938 190201990 1 1360 550 244
9597 13912 190202000 1 1360 550 296
9614 13881 190202010 1 1350 540 330
9646 13846 190202020 1 1350 540 368
9693 13811 190202030 1 1350 530 401
9756 13776 190202040 1 1350 530 406
9833 13742 190202050 1 1340 540 415
9927 13709 190202060 1 1340 540 410
10033 13685 190202070 1 1340 540 400
10149 13667 190202080 1 1340 540 359
10276 13667 190202090 1 1350 540 317
10406 13667 190202100 1 1350 540 295
10535 13681 190202110 1 1360 550 295
10659 13703 190202120 1 1360 550 299
10769 13726 190202130 1 1360 550 314
10865 13745 190202140 1 1360 550 345
10945 13752 190202150 1 1380 550 361
11017 13762 190202161 1 1380 550 358
11085 13762 190202171 1 1390 560 355
11155 13762 190202181 1 1390 560 362
11235 13755 190202191 1 1400 560 373
11324 13744 190202201 1 1400 560 411
11423 13733 190202211 1 1400 560 451
11532 13726 190202221 1 1400 560 501
11652 13726 190202231 1 1400 560 549
11781 13726 190202241 1 1390 560 618
11915 13726 190202251 1 1390 560 684
12040 13733 190202261 1 1390 560 757
12139 13733 190202271 1 1390 560 849
12204 13733 190202281 1 1390 560 932
12239 13724 190202291 1 1390 560 990
12249 13716 190202301 1 1390 560 1023
12258 13708 190202311 1 1400 560 1023
12258 13708 190202321 1 1400 560 1023
12258 13708 190202331 1 1420 570 1023
12258 13708 190202341 1 1420 570 1023
12258 13708 190202351 1 1420 570 991
12258 13708 190202362 1 1420 570 789
12243 13700 190202372 1 1420 570 238
