151
7000 3118 190222260 1 1280 610 304
6991 3134 190222270 1 1290 600 340
6965 3120 190222280 1 1310 600 336
6932 3037 190222290 1 1290 590 390
6901 2882 190222300 1 1290 590 433
6879 2657 190222310 1 1280 580 451
6869 2395 190222320 1 1280 580 467
6869 2134 190222330 1 1280 580 473
6869 1902 190222340 1 1280 580 473
6892 1720 190222350 1 1280 580 469
6909 1590 190222360 1 1280 580 430
6920 1514 190222370 1 1280 580 329
6927 1482 190222380 1 1280 580 200
6927 1489 190222390 1 1280 580 12
6901 1547 190222400 0 1280 580 0
6852 1661 190222410 0 1280 580 0
6768 1840 190222420 0 1270 590 0
6646 2086 190222430 0 1270 590 0
6501 2359 190222440 0 1270 590 0
6357 2622 190222450 0 1270 590 0
6233 2840 190222461 0 1260 580 0
6139 2982 190222471 0 1240 570 0
6078 3053 190222481 0 1230 560 0
6045 3078 190222491 0 1240 550 0
6035 3078 190222500 1 1230 550 322
6044 3086 190222510 1 1230 550 319
6092 3103 190222520 1 1230 530 386
6182 3136 190222530 1 1230 530 444
6325 3190 190222540 1 1230 530 490
6521 3260 190222550 1 1240 540 518
6756 3342 190222560 1 1240 540 522
7007 3432 190222570 1 1250 550 524
7253 3510 190222580 1 1250 550 469
7465 3570 190222590 1 1250 550 338
7633 3609 190222600 1 1260 560 122
7697 3609 190222610 0 1260 560 0
7786 3568 190222620 0 1290 560 0
7741 3470 190222630 0 1290 560 0
7615 3320 190222640 0 1290 560 0
7418 3128 190222650 0 1290 560 0
7179 2918 190222660 0 1270 550 0
6944 2714 190222670 0 1260 560 0
6742 2529 190222680 0 1260 560 0
6597 2375 190222690 0 1250 560 0
6527 2253 190222701 0 1250 560 0
6517 2163 190222711 0 1250 560 0
6565 2102 190222721 0 1260 560 0
6632 2077 190222730 1 1290 560 400
6718 2077 190222740 1 1300 550 454
6821 2089 190222750 1 1320 550 541
6937 2122 190222760 1 1350 540 598
7077 2162 190222770 1 1360 540 625
7227 2218 190222780 1 1390 540 613
7376 2284 190222790 1 1390 540 522
7518 2348 190222800 1 1370 540 269
7583 2377 190222810 0 1360 550 0
7733 2444 190222820 0 1340 560 0
7781 2468 190222830 0 1320 570 0
7802 2468 190222840 0 1300 580 0
7813 2461 190222850 0 1280 580 0
7841 2454 190222860 0 1240 580 0
7902 2443 190222870 0 1210 580 0
7992 2443 190222880 0 1200 580 0
8103 2465 190222890 0 1190 580 0
8233 2495 190222900 0 1170 580 0
8376 2534 190222910 0 1170 580 0
8522 2585 190222920 0 1170 580 0
8666 2649 190222931 0 1180 590 0
8796 2727 190222941 0 1220 600 0
8906 2817 190222951 0 1250 600 0
8995 2913 190222961 0 1280 610 0
9063 2999 190222971 0 1320 610 0
9092 3031 190222986 1 1350 620 417
9125 3089 190222996 1 1380 610 620
9134 3089 190223006 1 1390 610 605
9134 3037 190223016 1 1410 600 648
9126 2950 190223026 1 1410 600 678
9126 2815 190223036 1 1410 600 700
9126 2634 190223046 1 1390 600 695
9126 2431 190223056 1 1390 600 664
9119 2236 190223066 1 1380 590 596
9119 2077 190223076 1 1380 590 539
9119 1973 190223086 1 1380 590 424
9119 1932 190223096 1 1380 590 289
9103 1941 190223106 1 1380 590 7
9052 2000 190223116 0 1390 580 0
8961 2117 190223126 0 1390 580 0
8824 2309 190223136 0 1390 580 0
8662 2582 190223146 0 1390 580 0
8499 2925 190223156 0 1380 580 0
8372 3269 190223166 0 1380 580 0
8303 3546 190223176 0 1360 570 0
8288 3644 190223186 1 1350 570 257
8304 3777 190223196 1 1360 560 267
8376 3756 190223206 1 1350 550 300
8501 3682 190223216 1 1340 550 342
8685 3568 190223226 1 1340 550 396
8922 3413 190223236 1 1350 540 436
9172 3233 190223246 1 1350 540 474
9406 3038 190223256 1 1350 550 485
9606 2833 190223266 1 1350 550 498
9756 2612 190223276 1 1340 560 512
9852 2393 190223286 1 1350 570 539
9891 2181 190223296 1 1350 570 570
9879 1994 190223306 1 1360 570 583
9829 1840 190223316 1 1380 570 577
9760 1727 190223326 1 1380 570 567
9696 1662 190223336 1 1390 560 542
9652 1646 190223346 1 1390 560 460
9642 1673 190223356 1 1410 560 324
9666 1752 190223366 1 1430 550 257
9738 1875 190223376 1 1430 550 200
9853 2038 190223387 1 1440 540 160
9998 2202 190223397 1 1410 550 203
10145 2331 190223407 1 1410 550 231
10274 2413 190223417 1 1400 550 268
10375 2428 190223427 1 1390 560 317
10450 2392 190223437 1 1380 570 389
10509 2318 190223447 1 1360 570 453
10556 2216 190223457 1 1360 570 486
10596 2102 190223467 1 1360 570 496
10635 2003 190223477 1 1360 570 513
10676 1930 190223487 1 1380 570 519
10725 1886 190223497 1 1400 560 531
10784 1876 190223507 1 1410 560 542
10855 1887 190223517 1 1430 560 549
10939 1923 190223527 1 1440 560 552
11035 1977 190223537 1 1440 560 555
11140 2044 190223547 1 1450 550 560
11252 2114 190223557 1 1460 550 557
11366 2172 190223567 1 1460 550 556
11478 2216 190223577 1 1480 560 557
11591 2238 190223588 1 1480 560 561
11707 2238 190223598 1 1480 560 571
11827 2227 190223608 1 1480 560 583
11954 2206 190223618 1 1490 550 597
12078 2176 190223628 1 1490 550 606
12198 2140 190223638 1 1490 550 633
12315 2106 190223648 1 1490 550 649
12426 2076 190223658 1 1480 560 684
12531 2054 190223668 1 1480 560 732
12624 2046 190223678 1 1490 560 767
12702 2046 190223688 1 1490 560 825
12765 2063 190223698 1 1510 560 865
12816 2083 190223708 1 1510 560 896
12857 2102 190223718 1 1510 560 921
12888 2117 190223728 1 1510 560 927
12909 2126 190223738 1 1510 560 919
12916 2126 190223748 1 1510 560 867
12925 2126 190223758 1 1510 560 707
12925 2126 190223768 1 1510 560 349
