161
24618 6686 190397291 1 1230 560 285
24625 6629 190397301 1 1190 560 319
24595 6524 190397311 1 1190 560 411
24557 6378 190397321 1 1190 560 488
24524 6191 190397331 1 1200 570 531
24498 5982 190397341 1 1230 580 563
24491 5780 190397351 1 1240 580 583
24483 5590 190397361 1 1260 580 580
24483 5434 190397371 1 1270 590 573
24494 5316 190397381 1 1270 590 539
24501 5236 190397391 1 1270 590 430
24501 5199 190397401 1 1250 590 295
24501 5207 190397411 1 1240 580 12
24475 5273 190397421 0 1240 580 0
24412 5401 190397431 0 1230 580 0
24302 5591 190397441 0 1230 580 0
24145 5818 190397451 0 1230 580 0
23954 6044 190397461 0 1230 580 0
23751 6230 190397471 0 1240 570 0
23561 6363 190397482 1 1260 570 354
23418 6445 190397492 1 1270 570 407
23334 6492 190397502 1 1280 570 458
23317 6531 190397512 1 1300 580 507
23382 6578 190397522 1 1300 580 552
23519 6639 190397532 1 1310 580 578
23722 6719 190397542 1 1290 590 586
23978 6812 190397552 1 1290 590 594
24266 6912 190397562 1 1290 590 592
24549 7010 190397572 1 1280 580 543
24807 7100 190397582 1 1280 580 419
25022 7165 190397592 1 1280 570 184
25107 7186 190397602 0 1280 570 0
25246 7182 190397612 0 1270 560 0
25219 7116 190397622 0 1300 560 0
25104 7000 190397632 0 1280 570 0
24920 6845 190397642 0 1280 570 0
24706 6664 190397652 0 1280 570 0
24507 6477 190397662 0 1280 570 0
24346 6305 190397672 0 1270 560 0
24245 6156 190397683 0 1260 560 0
24218 6097 190397687 1 1270 550 400
24201 5984 190397697 1 1260 540 401
24230 5952 190397707 1 1280 540 473
24280 5952 190397717 1 1280 540 577
24353 5952 190397727 1 1280 540 643
24451 5971 190397737 1 1300 540 654
24569 5996 190397747 1 1290 550 637
24699 6022 190397757 1 1300 550 521
24835 6047 190397767 1 1300 560 189
24904 6057 190397777 0 1310 570 0
25092 6085 190397787 0 1310 570 0
25191 6093 190397797 0 1310 570 0
25274 6102 190397807 0 1320 580 0
25343 6086 190397817 0 1320 580 0
25412 6047 190397827 0 1340 580 0
25491 5991 190397837 0 1360 580 0
25567 5928 190397847 0 1390 580 0
25630 5884 190397862 1 1410 590 540
25666 5852 190397872 1 1410 590 617
25688 5845 190397882 1 1420 590 777
25688 5845 190397892 1 1420 590 887
25695 5852 190397902 1 1410 600 896
25703 5864 190397912 1 1410 600 872
25710 5864 190397922 1 1390 610 775
25718 5873 190397932 1 1380 610 537
25725 5873 190397942 1 1360 610 166
25741 5873 190397952 0 1360 610 0
25763 5881 190397962 0 1360 610 0
25794 5893 190397972 0 1360 610 0
25843 5923 190397982 0 1380 610 0
25913 5981 190397992 0 1380 610 0
26014 6073 190398002 0 1380 600 0
26141 6205 190398012 0 1390 580 0
26286 6366 190398022 0 1390 570 0
26433 6527 190398032 0 1380 570 0
26566 6657 190398042 0 1380 550 0
26621 6702 190398057 1 1360 560 502
26720 6770 190398067 1 1350 550 653
26743 6770 190398077 1 1350 570 669
26743 6723 190398087 1 1340 570 739
26743 6651 190398097 1 1340 580 806
26743 6528 190398107 1 1340 600 827
26743 6363 190398117 1 1350 600 825
26716 6169 190398127 1 1340 610 800
26686 5959 190398137 1 1340 610 717
26653 5762 190398147 1 1340 610 620
26628 5604 190398157 1 1340 610 451
26619 5503 190398167 1 1340 610 186
26608 5474 190398177 0 1320 610 0
26608 5499 190398187 0 1320 610 0
26628 5608 190398197 0 1310 610 0
26647 5800 190398207 0 1310 610 0
26670 6097 190398217 0 1290 600 0
26687 6471 190398227 0 1310 600 0
26687 6878 190398237 0 1310 600 0
26678 7234 190398247 0 1320 590 0
26642 7483 190398258 0 1340 580 0
26575 7628 190398263 1 1350 580 595
26497 7685 190398273 1 1360 570 597
26427 7696 190398283 1 1360 570 579
26376 7696 190398293 1 1380 570 592
26366 7653 190398303 1 1380 570 615
26395 7579 190398313 1 1380 570 634
26462 7468 190398323 1 1390 560 649
26572 7326 190398333 1 1380 570 660
26719 7158 190398343 1 1380 570 660
26884 6968 190398353 1 1380 570 656
27051 6765 190398363 1 1360 570 652
27199 6553 190398373 1 1350 580 593
27310 6331 190398383 1 1350 580 498
27374 6106 190398393 1 1350 590 431
27373 5885 190398403 1 1350 590 364
27305 5679 190398413 1 1350 600 376
27184 5505 190398423 1 1350 600 433
27038 5369 190398433 1 1340 610 484
26902 5280 190398443 1 1340 610 529
26800 5233 190398453 1 1340 610 581
26747 5224 190398464 1 1340 610 582
26747 5249 190398474 1 1340 610 568
26810 5315 190398484 1 1340 610 553
26930 5414 190398494 1 1340 610 523
27095 5536 190398504 1 1340 610 555
27286 5657 190398514 1 1340 610 555
27479 5763 190398524 1 1340 610 561
27658 5840 190398534 1 1350 620 592
27807 5885 190398544 1 1350 620 606
27922 5899 190398554 1 1370 620 621
27999 5890 190398564 1 1350 630 639
28044 5856 190398574 1 1350 630 656
28069 5807 190398584 1 1350 630 674
28085 5750 190398594 1 1330 630 698
28092 5695 190398604 1 1330 630 698
28114 5647 190398614 1 1320 640 705
28141 5608 190398624 1 1320 640 716
28183 5584 190398634 1 1300 650 720
28247 5584 190398644 1 1300 650 720
28337 5600 190398654 1 1300 650 720
28449 5645 190398665 1 1300 650 714
28580 5711 190398675 1 1300 650 714
28716 5778 190398685 1 1300 650 714
28846 5832 190398695 1 1300 650 717
28964 5869 190398705 1 1320 650 714
29065 5877 190398715 1 1320 650 720
29156 5877 190398725 1 1330 660 723
29240 5865 190398735 1 1350 670 740
29316 5836 190398745 1 1370 670 748
29388 5795 190398755 1 1390 670 754
29458 5747 190398765 1 1400 670 761
29527 5700 190398775 1 1410 680 771
29597 5660 190398785 1 1410 680 798
29671 5631 190398795 1 1390 680 819
29757 5624 190398805 1 1390 680 847
29859 5624 190398815 1 1370 670 884
29972 5653 190398825 1 1350 680 909
30094 5686 190398835 1 1350 680 930
30212 5721 190398845 1 1330 670 940
30313 5746 190398855 1 1310 680 940
30401 5764 190398866 1 1300 670 937
30472 5764 190398876 1 1300 670 876
30522 5764 190398886 1 1300 670 669
30556 5742 190398896 1 1300 670 84
