242
29515 10147 17097014 1 1660 570 121
29515 10140 17097024 1 1660 590 528
29508 10147 17097034 1 1680 600 553
29508 10147 17097044 1 1690 620 650
29501 10157 17097054 1 1710 620 726
29501 10157 17097064 1 1700 630 766
29501 10157 17097074 1 1720 640 792
29511 10157 17097084 1 1720 640 823
29511 10165 17097094 1 1710 650 855
29511 10174 17097104 1 1710 650 877
29511 10183 17097114 1 1710 650 909
29511 10198 17097124 1 1710 650 943
29503 10221 17097134 1 1710 650 962
29495 10257 17097144 1 1710 650 958
29469 10311 17097154 1 1710 650 954
29436 10384 17097164 1 1710 650 950
29392 10483 17097174 1 1710 650 915
29336 10607 17097184 1 1720 640 911
29267 10739 17097194 1 1740 640 910
29208 10865 17097204 1 1740 640 915
29163 10963 17097215 1 1760 640 909
29138 11024 17097225 1 1760 640 902
29138 11055 17097235 1 1780 640 881
29138 11063 17097245 1 1780 630 846
29155 11054 17097255 1 1800 630 828
29189 11027 17097265 1 1800 630 811
29273 10991 17097275 1 1800 630 796
29417 10952 17097285 1 1800 630 752
29619 10920 17097295 1 1800 630 695
29860 10897 17097305 1 1780 630 662
30105 10890 17097315 1 1780 640 654
30319 10883 17097325 1 1760 640 654
30482 10875 17097335 1 1740 650 655
30582 10875 17097345 1 1740 650 668
30624 10866 17097355 1 1710 660 709
30624 10866 17097365 1 1710 660 735
30574 10857 17097375 1 1710 660 738
30478 10844 17097385 1 1710 660 738
30311 10815 17097395 1 1710 660 720
30047 10756 17097405 1 1710 660 672
29674 10660 17097416 1 1710 660 644
29174 10525 17097426 1 1710 660 594
28551 10342 17097436 1 1710 660 599
27834 10113 17097446 1 1690 650 633
27080 9869 17097456 1 1680 630 650
26384 9624 17097466 1 1650 620 698
25822 9421 17097476 1 1610 620 694
25437 9284 17097486 1 1580 600 693
25228 9205 17097496 1 1560 590 646
25157 9187 17097506 1 1550 580 546
25188 9205 17097516 1 1520 570 357
25303 9256 17097526 1 1520 570 39
25480 9327 17097536 0 1520 560 0
25692 9416 17097546 0 1520 560 0
25917 9511 17097556 0 1520 560 0
26145 9611 17097566 0 1520 560 0
26376 9714 17097576 0 1520 560 0
26629 9807 17097586 0 1540 550 0
26912 9889 17097596 0 1540 550 0
27215 9953 17097606 0 1560 550 0
27527 9995 17097617 0 1600 540 0
27824 10019 17097627 0 1620 540 0
28082 10019 17097637 0 1630 540 0
28276 10019 17097647 0 1650 530 0
28397 9992 17097657 0 1650 530 0
28454 9965 17097667 0 1660 530 0
28466 9936 17097677 0 1660 530 0
28473 9907 17097687 0 1660 540 0
28473 9880 17097697 0 1640 550 0
28473 9872 17097710 1 1620 560 538
28481 9872 17097720 1 1610 570 544
28489 9872 17097730 1 1610 570 607
28489 9890 17097740 1 1610 590 711
28497 9890 17097750 1 1630 590 747
28505 9890 17097760 1 1640 600 750
28505 9890 17097770 1 1660 600 758
28512 9897 17097780 1 1680 600 773
28512 9897 17097790 1 1690 610 785
28521 9905 17097800 1 1690 610 801
28521 9934 17097810 1 1690 620 797
28538 9975 17097820 1 1690 620 804
28553 10047 17097830 1 1690 620 753
28581 10154 17097840 1 1690 620 756
28618 10304 17097850 1 1690 620 748
28655 10502 17097860 1 1690 620 738
28690 10736 17097870 1 1710 620 754
28700 10987 17097880 1 1710 620 772
28700 11220 17097890 1 1730 620 777
28700 11406 17097900 1 1750 610 816
28688 11533 17097911 1 1760 610 817
28677 11605 17097921 1 1780 600 824
28669 11635 17097931 1 1800 600 802
28669 11635 17097941 1 1800 600 791
28669 11605 17097951 1 1800 590 768
28702 11546 17097961 1 1800 590 771
28753 11468 17097971 1 1800 590 757
28853 11376 17097981 1 1800 590 754
29007 11292 17097991 1 1800 590 733
29214 11232 17098001 1 1800 590 699
29474 11200 17098011 1 1800 600 653
29759 11200 17098021 1 1800 600 639
30051 11217 17098031 1 1800 600 634
30326 11247 17098041 1 1800 610 642
30548 11278 17098051 1 1800 610 663
30704 11304 17098061 1 1800 620 699
30790 11320 17098071 1 1800 620 734
30821 11328 17098081 1 1800 630 767
30821 11328 17098091 1 1800 630 773
30780 11328 17098101 1 1800 630 785
30705 11315 17098112 1 1800 630 790
30565 11292 17098122 1 1800 630 775
30339 11243 17098132 1 1800 630 773
30011 11165 17098142 1 1800 630 764
29571 11042 17098152 1 1800 630 742
29022 10877 17098162 1 1800 630 721
28388 10670 17098172 1 1800 620 698
27695 10437 17098182 1 1780 620 698
26977 10194 17098192 1 1750 610 687
26291 9950 17098202 1 1710 610 679
25684 9736 17098212 1 1680 590 710
25190 9558 17098222 1 1650 590 723
24838 9438 17098232 1 1620 580 726
24626 9376 17098242 1 1590 570 715
24523 9361 17098252 1 1570 560 651
24505 9374 17098262 1 1550 550 540
24567 9418 17098272 1 1540 550 286
24620 9446 17098282 0 1530 540 0
24866 9557 17098292 0 1530 540 0
25075 9653 17098302 0 1530 540 0
25297 9762 17098313 0 1550 540 0
25518 9883 17098323 0 1550 540 0
25729 10006 17098333 0 1560 550 0
25924 10115 17098343 0 1580 550 0
26097 10201 17098353 0 1580 540 0
26242 10267 17098363 0 1590 530 0
26365 10311 17098373 0 1580 530 0
26476 10347 17098383 0 1580 520 0
26574 10379 17098393 0 1580 520 0
26616 10393 17098406 1 1580 520 268
26690 10444 17098416 1 1580 520 355
26697 10470 17098426 1 1580 520 393
26684 10493 17098436 1 1590 530 469
26660 10512 17098446 1 1590 530 530
26640 10512 17098456 1 1600 540 547
26632 10519 17098466 1 1590 550 530
26632 10519 17098476 1 1600 550 525
26632 10509 17098486 1 1600 550 520
26632 10492 17098496 1 1620 560 528
26614 10468 17098506 1 1620 560 530
26587 10439 17098516 1 1600 560 526
26546 10409 17098526 1 1600 560 509
26490 10384 17098536 1 1580 560 489
26427 10365 17098546 1 1580 560 512
26364 10356 17098556 1 1580 560 503
26310 10356 17098566 1 1580 560 514
26274 10374 17098576 1 1580 560 525
26253 10390 17098586 1 1580 560 548
26243 10397 17098596 1 1580 560 547
26243 10405 17098607 1 1580 560 536
26235 10396 17098617 1 1580 560 528
26228 10378 17098627 1 1580 560 520
26209 10349 17098637 1 1580 560 523
26190 10318 17098647 1 1580 560 522
26169 10290 17098657 1 1580 560 532
26141 10269 17098667 1 1570 560 540
26104 10260 17098677 1 1570 560 541
26053 10260 17098687 1 1550 550 540
25984 10267 17098697 1 1550 550 554
25911 10281 17098707 1 1550 550 582
25849 10297 17098717 1 1550 550 606
25813 10312 17098727 1 1550 550 613
25804 10320 17098737 1 1550 550 599
25811 10320 17098747 1 1560 550 585
25839 10301 17098757 1 1560 550 574
25888 10269 17098767 1 1560 550 574
25959 10220 17098777 1 1560 550 583
26052 10158 17098787 1 1560 550 577
26168 10083 17098797 1 1560 550 585
26309 9995 17098808 1 1560 550 571
26477 9901 17098818 1 1570 560 525
26668 9804 17098828 1 1570 560 481
26873 9709 17098838 1 1580 560 407
27067 9624 17098848 1 1580 560 340
27231 9547 17098858 1 1600 560 337
27348 9473 17098868 1 1600 560 317
27406 9401 17098878 1 1610 570 325
27406 9327 17098888 1 1610 570 358
27343 9255 17098898 1 1610 570 384
27236 9185 17098908 1 1610 570 416
27088 9125 17098918 1 1610 570 476
26916 9080 17098928 1 1610 570 537
26733 9057 17098938 1 1610 570 563
26559 9057 17098948 1 1610 570 600
26419 9083 17098958 1 1610 570 633
26326 9118 17098968 1 1610 570 632
26284 9160 17098978 1 1610 570 597
26300 9211 17098988 1 1610 570 577
26382 9271 17098998 1 1610 570 562
26535 9347 17099009 1 1610 570 534
26766 9444 17099019 1 1610 570 489
27066 9555 17099029 1 1610 570 496
27417 9680 17099039 1 1610 570 481
27793 9817 17099049 1 1630 570 448
28178 9958 17099059 1 1620 580 456
28533 10090 17099069 1 1640 580 450
28825 10202 17099079 1 1670 580 442
29034 10285 17099089 1 1680 590 445
29146 10336 17099099 1 1710 600 355
29185 10363 17099109 1 1730 610 113
29185 10371 17099119 0 1750 610 0
29084 10371 17099129 0 1780 610 0
28960 10371 17099139 0 1800 610 0
28800 10363 17099149 0 1800 610 0
28624 10363 17099159 0 1780 610 0
28458 10363 17099169 0 1780 600 0
28301 10363 17099179 0 1770 590 0
28152 10370 17099189 0 1770 580 0
28002 10370 17099199 0 1770 570 0
27840 10360 17099210 0 1770 550 0
27672 10350 17099220 0 1770 530 0
27503 10343 17099230 0 1770 520 0
27339 10343 17099240 0 1780 510 0
27187 10343 17099250 0 1780 490 0
27049 10368 17099260 0 1770 480 0
26924 10400 17099270 0 1760 470 0
26812 10444 17099280 0 1740 460 0
26718 10501 17099290 0 1720 460 0
26644 10564 17099300 0 1710 450 0
26586 10633 17099310 0 1690 450 0
26542 10705 17099320 0 1670 460 0
26506 10776 17099330 0 1650 480 0
26483 10849 17099340 0 1630 500 0
26483 10919 17099350 0 1600 510 0
26502 10984 17099360 0 1590 530 0
26546 11036 17099370 0 1570 540 0
26577 11055 17099377 1 1570 560 475
26672 11117 17099387 1 1570 560 526
26716 11128 17099397 1 1580 560 512
26730 11128 17099407 1 1600 560 536
26696 11106 17099417 1 1600 550 543
26617 11041 17099427 1 1620 560 477
26501 10963 17099437 1 1620 560 197
