245
11716 10354 16559981 1 1570 500 148
11716 10347 16559991 1 1580 510 257
11716 10339 16560001 1 1580 520 364
11716 10347 16560011 1 1590 530 515
11708 10356 16560021 1 1580 540 599
11708 10356 16560031 1 1590 550 648
11701 10364 16560041 1 1580 560 682
11701 10364 16560051 1 1580 560 709
11694 10364 16560061 1 1580 560 726
11694 10364 16560071 1 1580 560 740
11687 10372 16560081 1 1580 560 759
11679 10383 16560091 1 1580 560 783
11661 10404 16560101 1 1580 560 781
11636 10440 16560111 1 1580 560 790
11605 10495 16560121 1 1580 560 787
11574 10574 16560131 1 1580 560 787
11547 10668 16560141 1 1580 560 785
11524 10771 16560151 1 1580 560 781
11505 10866 16560161 1 1580 560 775
11483 10946 16560171 1 1580 560 779
11476 11002 16560182 1 1580 560 778
11465 11036 16560192 1 1580 560 767
11465 11046 16560202 1 1580 560 733
11465 11054 16560212 1 1580 560 680
11511 11054 16560222 1 1580 560 642
11600 11054 16560232 1 1600 560 619
11743 11054 16560242 1 1600 560 567
11942 11054 16560252 1 1620 560 552
12165 11046 16560262 1 1620 560 523
12394 11039 16560272 1 1620 560 526
12600 11039 16560282 1 1630 560 526
12770 11032 16560292 1 1630 560 534
12895 11032 16560302 1 1650 560 555
12969 11032 16560312 1 1650 560 577
13006 11032 16560322 1 1650 560 610
13013 11032 16560332 1 1650 560 627
12993 11032 16560342 1 1650 560 622
12930 11023 16560352 1 1650 560 605
12807 10994 16560362 1 1650 560 609
12603 10943 16560372 1 1650 560 577
12304 10867 16560383 1 1640 570 529
11906 10764 16560393 1 1640 570 520
11408 10631 16560403 1 1640 570 515
10821 10471 16560413 1 1640 570 473
10159 10279 16560423 1 1630 570 510
9493 10067 16560433 1 1630 570 515
8885 9861 16560443 1 1610 570 497
8389 9681 16560453 1 1600 560 533
8052 9552 16560463 1 1580 560 525
7861 9480 16560473 1 1570 560 475
7790 9461 16560483 1 1550 550 344
7821 9474 16560493 1 1540 550 70
7929 9522 16560503 0 1540 550 0
8090 9594 16560513 0 1530 550 0
8277 9680 16560523 0 1530 550 0
8477 9776 16560533 0 1540 550 0
8694 9872 16560543 0 1540 550 0
8932 9964 16560553 0 1560 550 0
9194 10045 16560563 0 1580 540 0
9470 10110 16560573 0 1580 530 0
9738 10158 16560584 0 1580 520 0
9983 10188 16560594 0 1590 500 0
10194 10208 16560604 0 1590 480 0
10371 10215 16560614 0 1600 470 0
10504 10215 16560624 0 1600 460 0
10601 10202 16560634 0 1610 450 0
10662 10182 16560644 0 1620 460 0
10696 10150 16560654 0 1630 460 0
10715 10107 16560664 0 1630 470 0
10715 10085 16560662 1 1650 480 452
10722 10037 16560672 1 1650 500 459
10722 10027 16560682 1 1650 510 496
10722 10018 16560692 1 1640 530 597
10722 10018 16560702 1 1630 540 632
10722 10025 16560712 1 1630 550 647
10722 10032 16560722 1 1620 560 665
10729 10042 16560732 1 1620 560 677
10729 10062 16560742 1 1620 560 671
10739 10092 16560752 1 1620 560 690
10763 10141 16560762 1 1620 560 679
10787 10212 16560772 1 1620 560 688
10821 10308 16560782 1 1620 560 674
10866 10448 16560792 1 1620 560 641
10929 10634 16560802 1 1620 560 645
11000 10859 16560812 1 1620 560 661
11073 11097 16560822 1 1620 560 676
11133 11311 16560832 1 1620 560 683
11161 11473 16560842 1 1620 560 691
11161 11576 16560852 1 1620 560 711
11150 11635 16560863 1 1640 550 716
11131 11658 16560873 1 1640 550 704
11124 11665 16560883 1 1650 550 681
11116 11657 16560893 1 1660 540 661
11134 11630 16560903 1 1660 540 654
11163 11587 16560913 1 1660 540 619
11215 11527 16560923 1 1660 540 601
11301 11460 16560933 1 1660 540 572
11424 11396 16560943 1 1660 540 537
11595 11350 16560953 1 1660 540 496
11812 11322 16560963 1 1660 540 488
12061 11315 16560973 1 1660 540 477
12333 11325 16560983 1 1660 540 441
12608 11346 16560993 1 1660 540 441
12864 11374 16561003 1 1670 540 449
13067 11401 16561013 1 1670 540 467
13200 11423 16561023 1 1690 540 493
13262 11432 16561033 1 1700 550 519
13262 11432 16561043 1 1700 550 530
13195 11411 16561053 1 1710 550 541
13074 11382 16561064 1 1710 550 554
12888 11336 16561074 1 1710 550 549
12621 11274 16561084 1 1710 550 541
12263 11190 16561094 1 1710 550 532
11789 11078 16561104 1 1700 550 557
11198 10933 16561114 1 1680 550 562
10514 10755 16561124 1 1680 550 582
9802 10565 16561134 1 1670 550 626
9146 10377 16561144 1 1650 560 651
8594 10211 16561154 1 1630 560 647
8168 10073 16561164 1 1620 560 644
7862 9964 16561174 1 1600 550 599
7657 9887 16561184 1 1600 550 509
7541 9841 16561194 1 1590 550 305
7499 9830 16561204 1 1580 550 19
7519 9847 16561214 0 1580 550 0
7586 9902 16561224 0 1570 540 0
7690 9988 16561234 0 1570 540 0
7828 10102 16561244 0 1570 540 0
7995 10226 16561254 0 1570 540 0
8177 10351 16561265 0 1580 530 0
8372 10468 16561275 0 1580 520 0
8568 10570 16561285 0 1600 510 0
8759 10660 16561295 0 1610 500 0
8941 10732 16561305 0 1620 510 0
9097 10790 16561315 0 1640 510 0
9224 10831 16561325 0 1640 520 0
9313 10860 16561335 0 1640 530 0
9362 10869 16561345 0 1630 540 0
9375 10887 16561358 1 1630 550 296
9375 10896 16561368 1 1620 560 340
9354 10908 16561378 1 1610 570 457
9335 10928 16561388 1 1610 570 513
9321 10935 16561398 1 1600 560 509
9321 10935 16561408 1 1600 560 503
9321 10923 16561418 1 1590 550 500
9312 10906 16561428 1 1590 550 496
9303 10881 16561438 1 1590 550 494
9277 10856 16561448 1 1590 550 481
9250 10830 16561458 1 1590 550 468
9212 10810 16561468 1 1580 560 430
9170 10800 16561478 1 1580 560 399
9123 10800 16561488 1 1580 560 396
9073 10810 16561498 1 1600 560 395
9030 10826 16561508 1 1600 560 406
8993 10844 16561518 1 1610 570 427
8967 10854 16561528 1 1610 570 428
8951 10854 16561538 1 1610 570 419
8942 10841 16561548 1 1600 560 418
8934 10815 16561559 1 1600 560 420
8920 10783 16561569 1 1580 560 419
8897 10746 16561579 1 1580 560 429
8867 10714 16561589 1 1580 560 427
8831 10691 16561599 1 1570 570 422
8789 10684 16561609 1 1570 570 414
8744 10684 16561619 1 1570 570 401
8697 10704 16561629 1 1570 570 418
8653 10734 16561639 1 1570 570 452
8614 10768 16561649 1 1570 570 494
8586 10799 16561659 1 1570 570 509
8577 10821 16561669 1 1570 570 519
8566 10831 16561679 1 1570 570 512
8566 10831 16561689 1 1570 570 506
8575 10816 16561699 1 1570 570 508
8594 10792 16561709 1 1570 570 512
8624 10759 16561719 1 1570 570 521
8669 10719 16561729 1 1570 570 530
8735 10671 16561739 1 1570 570 541
8825 10618 16561749 1 1570 570 544
8946 10559 16561760 1 1570 570 542
9095 10491 16561770 1 1570 570 533
9257 10415 16561780 1 1570 570 532
9427 10329 16561790 1 1580 560 508
9595 10233 16561800 1 1580 560 492
9750 10132 16561810 1 1580 560 474
9893 10025 16561820 1 1580 560 462
10009 9919 16561830 1 1590 550 437
10093 9817 16561840 1 1600 550 412
10134 9723 16561850 1 1600 550 409
10125 9639 16561860 1 1620 560 419
10060 9566 16561870 1 1620 560 443
9935 9501 16561880 1 1620 560 465
9764 9448 16561890 1 1620 560 491
9564 9415 16561900 1 1620 560 527
9367 9406 16561910 1 1620 560 562
9192 9406 16561920 1 1620 560 586
9054 9437 16561930 1 1620 560 586
8958 9471 16561940 1 1620 560 604
8903 9508 16561950 1 1630 550 599
8893 9549 16561961 1 1610 550 588
8973 9609 16561971 1 1610 550 582
9160 9694 16561981 1 1610 550 573
9476 9809 16561991 1 1610 550 580
9925 9942 16562001 1 1610 550 587
10464 10075 16562011 1 1610 550 590
11036 10198 16562021 1 1610 550 595
11580 10305 16562031 1 1630 550 589
12042 10397 16562041 1 1640 550 570
12391 10473 16562051 1 1640 550 512
12619 10535 16562061 1 1650 550 445
12732 10578 16562071 1 1650 550 295
12751 10594 16562081 0 1670 550 0
12653 10625 16562091 0 1670 550 0
12478 10644 16562101 0 1680 560 0
12237 10668 16562111 0 1680 560 0
11968 10695 16562121 0 1680 560 0
11714 10728 16562131 0 1660 570 0
11484 10758 16562141 0 1640 580 0
11278 10788 16562151 0 1630 590 0
11086 10813 16562162 0 1630 590 0
10898 10835 16562172 0 1630 590 0
10724 10852 16562182 0 1630 590 0
10557 10866 16562192 0 1630 590 0
10394 10884 16562202 0 1630 590 0
10229 10907 16562212 0 1630 590 0
10067 10940 16562222 0 1630 590 0
9925 10983 16562232 0 1610 590 0
9813 11034 16562242 0 1590 570 0
9736 11086 16562252 0 1560 570 0
9685 11137 16562262 0 1550 550 0
9653 11178 16562272 0 1530 550 0
9621 11212 16562282 0 1520 540 0
9589 11240 16562292 0 1520 540 0
9552 11265 16562302 0 1520 530 0
9522 11293 16562312 0 1520 530 0
9512 11321 16562322 0 1530 520 0
9505 11346 16562332 0 1530 520 0
9527 11368 16562342 0 1530 520 0
9549 11376 16562352 0 1550 510 0
9559 11376 16562363 0 1550 510 0
9567 11369 16562370 1 1560 510 407
9538 11369 16562380 1 1570 520 412
9488 11369 16562390 1 1570 520 496
9414 11378 16562400 1 1580 520 544
9326 11386 16562410 1 1600 520 503
9233 11386 16562420 1 1610 520 398
