241
29365 6079 17106748 1 1700 590 154
29358 6071 17106758 1 1710 600 292
29358 6071 17106768 1 1730 610 370
29358 6071 17106778 1 1730 610 509
29358 6078 17106788 1 1740 620 605
29365 6078 17106798 1 1740 620 646
29365 6078 17106808 1 1760 620 685
29365 6086 17106818 1 1760 620 735
29365 6086 17106828 1 1760 620 766
29372 6093 17106838 1 1760 620 775
29372 6117 17106848 1 1760 620 784
29362 6147 17106858 1 1760 620 781
29343 6193 17106868 1 1760 620 783
29316 6255 17106878 1 1760 620 775
29278 6334 17106888 1 1760 620 783
29240 6422 17106898 1 1760 620 775
29204 6523 17106908 1 1760 620 774
29177 6623 17106918 1 1760 620 771
29162 6711 17106928 1 1780 620 774
29162 6781 17106938 1 1780 620 770
29162 6825 17106949 1 1800 610 760
29169 6849 17106959 1 1800 610 742
29189 6857 17106969 1 1800 610 733
29230 6857 17106979 1 1800 610 720
29306 6842 17106989 1 1800 600 717
29429 6820 17106999 1 1800 600 710
29610 6795 17107009 1 1800 600 684
29841 6771 17107019 1 1800 610 660
30088 6751 17107029 1 1800 610 658
30319 6740 17107039 1 1780 610 657
30502 6740 17107049 1 1780 620 656
30626 6740 17107059 1 1760 630 666
30696 6740 17107069 1 1760 630 682
30727 6747 17107079 1 1760 640 712
30734 6747 17107089 1 1760 640 733
30725 6747 17107099 1 1760 640 746
30698 6755 17107109 1 1780 640 740
30633 6755 17107119 1 1780 640 733
30500 6727 17107129 1 1800 640 732
30265 6680 17107139 1 1800 640 715
29911 6597 17107150 1 1780 640 655
29429 6481 17107160 1 1780 640 681
28837 6328 17107170 1 1760 640 637
28178 6148 17107180 1 1740 630 638
27492 5950 17107190 1 1730 620 641
26835 5751 17107200 1 1710 610 636
26250 5559 17107210 1 1680 590 641
25752 5391 17107220 1 1650 580 645
25365 5258 17107230 1 1620 580 644
25099 5167 17107240 1 1600 560 645
24945 5116 17107250 1 1580 550 615
24880 5095 17107260 1 1550 540 567
24880 5095 17107270 1 1540 530 493
24947 5122 17107280 1 1530 530 265
24998 5141 17107290 0 1530 530 0
25242 5228 17107300 0 1520 530 0
25455 5310 17107310 0 1530 530 0
25682 5396 17107320 0 1530 530 0
25907 5479 17107330 0 1540 530 0
26124 5551 17107340 0 1540 530 0
26342 5605 17107351 0 1550 520 0
26572 5641 17107361 0 1560 510 0
26813 5663 17107371 0 1580 510 0
27075 5670 17107381 0 1590 500 0
27355 5681 17107391 0 1620 500 0
27638 5692 17107401 0 1630 500 0
27902 5704 17107411 0 1660 490 0
28120 5717 17107421 0 1680 490 0
28283 5728 17107431 0 1690 500 0
28386 5728 17107441 0 1700 500 0
28443 5728 17107451 0 1700 510 0
28467 5710 17107461 0 1700 520 0
28475 5689 17107471 0 1680 520 0
28475 5668 17107481 0 1660 530 0
28475 5668 17107484 1 1640 550 462
28475 5668 17107494 1 1630 560 503
28475 5676 17107504 1 1630 570 599
28475 5694 17107514 1 1620 580 669
28475 5706 17107524 1 1640 580 705
28475 5720 17107534 1 1650 590 718
28475 5739 17107544 1 1660 590 736
28484 5766 17107554 1 1680 590 735
28493 5804 17107564 1 1680 590 734
28501 5856 17107574 1 1700 600 738
28501 5929 17107584 1 1690 610 729
28501 6027 17107594 1 1690 610 721
28501 6155 17107604 1 1690 610 725
28501 6327 17107614 1 1690 610 698
28501 6543 17107624 1 1710 610 695
28510 6793 17107634 1 1710 600 715
28510 7046 17107644 1 1730 600 720
28510 7262 17107654 1 1750 600 737
28493 7422 17107664 1 1770 590 756
28472 7516 17107674 1 1780 590 783
28456 7562 17107685 1 1780 590 773
28449 7573 17107695 1 1800 580 756
28449 7573 17107705 1 1800 580 746
28477 7533 17107715 1 1800 580 739
28532 7477 17107725 1 1800 570 724
28638 7404 17107735 1 1800 570 727
28809 7330 17107745 1 1800 570 720
29049 7269 17107755 1 1800 570 705
29346 7223 17107765 1 1800 570 690
29670 7187 17107775 1 1800 580 675
29984 7157 17107785 1 1800 580 664
30255 7132 17107795 1 1800 580 666
30469 7115 17107805 1 1800 590 654
30623 7115 17107815 1 1800 600 661
30723 7115 17107825 1 1800 600 674
30782 7122 17107835 1 1800 610 701
30804 7134 17107845 1 1800 610 724
30804 7142 17107855 1 1800 610 734
30770 7142 17107865 1 1800 610 733
30684 7142 17107875 1 1820 610 731
30506 7110 17107886 1 1820 610 722
30219 7058 17107896 1 1820 610 718
29809 6972 17107906 1 1800 610 725
29288 6853 17107916 1 1800 610 721
28686 6701 17107926 1 1800 610 708
28040 6524 17107936 1 1800 610 704
27391 6346 17107946 1 1780 600 686
26798 6173 17107956 1 1750 590 703
26296 6026 17107966 1 1720 590 705
25893 5909 17107976 1 1690 580 699
25590 5818 17107986 1 1660 560 698
25376 5759 17107996 1 1640 550 692
25246 5725 17108006 1 1610 550 657
25181 5716 17108016 1 1600 530 579
25172 5716 17108026 1 1590 530 509
25226 5731 17108036 1 1580 520 327
25325 5767 17108046 1 1580 520 51
25465 5827 17108056 0 1580 520 0
25628 5905 17108066 0 1580 520 0
25783 5989 17108076 0 1600 520 0
25914 6066 17108087 0 1600 520 0
26022 6131 17108097 0 1600 520 0
26123 6184 17108107 0 1600 510 0
26230 6230 17108117 0 1610 500 0
26344 6268 17108127 0 1610 490 0
26464 6300 17108137 0 1610 480 0
26583 6330 17108147 0 1620 480 0
26700 6358 17108157 0 1620 470 0
26812 6387 17108167 0 1620 470 0
26910 6434 17108175 1 1620 470 363
26976 6481 17108185 1 1630 470 375
27014 6529 17108195 1 1640 480 411
27021 6575 17108205 1 1640 500 500
27001 6596 17108215 1 1640 520 523
26970 6596 17108225 1 1640 530 524
26933 6588 17108235 1 1630 540 544
26890 6556 17108245 1 1630 550 544
26847 6511 17108255 1 1620 560 543
26806 6463 17108265 1 1610 570 542
26762 6418 17108275 1 1610 570 547
26719 6379 17108285 1 1620 560 547
26675 6356 17108295 1 1620 560 552
26634 6348 17108305 1 1630 550 555
26592 6348 17108315 1 1630 550 557
26552 6375 17108325 1 1630 550 567
26516 6406 17108335 1 1630 540 570
26485 6436 17108345 1 1640 530 596
26463 6460 17108355 1 1640 530 601
26447 6467 17108365 1 1640 530 592
26434 6474 17108376 1 1630 540 585
26417 6456 17108386 1 1620 540 581
26398 6431 17108396 1 1620 540 582
26372 6397 17108406 1 1600 530 585
26338 6358 17108416 1 1600 530 583
26302 6325 17108426 1 1600 530 585
26269 6304 17108436 1 1600 530 588
26236 6296 17108446 1 1600 530 592
26209 6306 17108456 1 1600 530 604
26184 6322 17108466 1 1600 530 615
26157 6344 17108476 1 1610 520 636
26135 6365 17108486 1 1610 520 645
26117 6380 17108496 1 1600 520 643
26105 6387 17108506 1 1600 520 633
26105 6387 17108516 1 1580 520 617
26105 6373 17108526 1 1580 520 606
26123 6348 17108536 1 1590 510 604
26164 6310 17108546 1 1590 510 606
26234 6254 17108556 1 1590 510 598
26325 6183 17108566 1 1580 520 599
26438 6092 17108577 1 1580 520 596
26564 5983 17108587 1 1600 520 601
26694 5863 17108597 1 1590 530 583
26829 5735 17108607 1 1600 530 558
26961 5609 17108617 1 1600 530 526
27075 5496 17108627 1 1620 540 488
27167 5397 17108637 1 1620 540 470
27229 5318 17108647 1 1630 540 473
27246 5258 17108657 1 1630 540 484
27234 5209 17108667 1 1630 540 496
27169 5166 17108677 1 1630 540 494
27055 5122 17108687 1 1630 540 507
26898 5076 17108697 1 1630 550 519
26713 5035 17108707 1 1630 550 529
26523 5007 17108717 1 1630 550 577
26351 4998 17108727 1 1630 550 586
26215 4998 17108737 1 1630 550 602
26128 5027 17108747 1 1630 550 609
26095 5068 17108757 1 1630 550 596
26132 5128 17108767 1 1610 550 593
26256 5207 17108778 1 1610 550 567
26484 5311 17108788 1 1600 540 546
26825 5432 17108798 1 1600 540 565
27266 5561 17108808 1 1610 550 563
27767 5692 17108818 1 1610 550 504
28280 5816 17108828 1 1630 550 533
28755 5932 17108838 1 1650 550 533
29151 6038 17108848 1 1660 560 531
29441 6130 17108858 1 1690 580 537
29626 6204 17108868 1 1720 580 534
29717 6260 17108878 1 1750 590 488
29731 6296 17108888 1 1770 600 250
29704 6308 17108898 0 1780 600 0
29537 6315 17108908 0 1800 610 0
29345 6322 17108918 0 1800 610 0
29095 6322 17108928 0 1800 610 0
28809 6314 17108938 0 1800 600 0
28509 6305 17108948 0 1800 590 0
28218 6293 17108958 0 1800 570 0
27953 6284 17108968 0 1800 550 0
27719 6284 17108979 0 1800 520 0
27512 6298 17108989 0 1800 490 0
27325 6335 17108999 0 1800 460 0
27159 6396 17109009 0 1790 430 0
27020 6481 17109019 0 1780 410 0
26913 6593 17109029 0 1770 400 0
26842 6724 17109039 0 1770 400 0
26808 6864 17109049 0 1750 420 0
26808 7003 17109059 0 1730 440 0
26843 7118 17109069 0 1710 460 0
26901 7194 17109079 0 1690 470 0
26936 7215 17109091 1 1670 490 615
27011 7271 17109101 1 1660 510 597
27020 7289 17109111 1 1640 520 585
26963 7306 17109121 1 1650 530 583
26834 7306 17109131 1 1650 530 578
26656 7271 17109141 1 1660 520 476
26445 7205 17109151 1 1660 520 85
