246
11850 2438 16583530 1 1550 600 322
11850 2424 16583540 1 1550 600 372
11857 2424 16583550 1 1570 600 501
11857 2424 16583560 1 1570 600 602
11857 2432 16583570 1 1580 600 655
11857 2439 16583580 1 1580 600 701
11857 2450 16583590 1 1580 600 732
11865 2462 16583600 1 1580 600 750
11865 2481 16583610 1 1580 600 746
11865 2510 16583620 1 1580 600 748
11850 2554 16583630 1 1580 600 740
11821 2615 16583640 1 1580 600 747
11773 2695 16583650 1 1580 600 734
11705 2793 16583660 1 1580 600 745
11622 2910 16583670 1 1590 590 740
11537 3038 16583680 1 1590 590 757
11465 3161 16583690 1 1580 580 762
11413 3265 16583700 1 1580 580 767
11381 3339 16583710 1 1570 570 757
11373 3379 16583720 1 1590 570 731
11386 3389 16583731 1 1590 570 712
11451 3389 16583741 1 1600 560 690
11576 3374 16583751 1 1600 560 648
11764 3354 16583761 1 1600 560 625
11998 3331 16583771 1 1610 570 606
12242 3311 16583781 1 1610 570 609
12469 3293 16583791 1 1610 570 608
12649 3278 16583801 1 1610 570 607
12772 3263 16583811 1 1610 570 612
12837 3253 16583821 1 1610 570 626
12848 3244 16583831 1 1610 570 634
12780 3231 16583841 1 1610 570 645
12638 3205 16583851 1 1610 570 670
12409 3163 16583861 1 1630 570 686
12079 3096 16583871 1 1630 570 683
11652 3000 16583881 1 1630 570 677
11143 2879 16583891 1 1630 570 662
10562 2731 16583901 1 1630 570 656
9946 2571 16583911 1 1610 570 628
9354 2409 16583921 1 1610 570 615
8825 2259 16583932 1 1610 570 594
8394 2136 16583942 1 1620 560 585
8079 2047 16583952 1 1610 550 576
7878 1998 16583962 1 1620 540 533
7781 1987 16583972 1 1610 520 343
7787 2001 16583982 1 1620 510 129
7827 2017 16583992 0 1630 500 0
8044 2081 16584002 0 1630 490 0
8245 2124 16584012 0 1630 480 0
8468 2158 16584022 0 1630 470 0
8703 2191 16584032 0 1650 470 0
8957 2227 16584042 0 1640 480 0
9224 2266 16584052 0 1640 480 0
9491 2305 16584062 0 1640 480 0
9743 2336 16584072 0 1630 490 0
9976 2360 16584082 0 1630 500 0
10185 2377 16584092 0 1620 520 0
10365 2385 16584102 0 1600 530 0
10507 2385 16584112 0 1600 540 0
10599 2361 16584122 0 1580 560 0
10644 2326 16584133 0 1580 560 0
10653 2278 16584143 0 1580 560 0
10653 2226 16584153 0 1600 550 0
10646 2175 16584163 0 1630 540 0
10657 2131 16584173 0 1660 520 0
10674 2105 16584171 1 1680 490 337
10694 2098 16584181 1 1690 460 409
10715 2098 16584191 1 1700 450 558
10729 2121 16584201 1 1700 440 651
10741 2144 16584211 1 1710 430 708
10750 2174 16584221 1 1700 440 740
10750 2208 16584231 1 1700 440 766
10750 2254 16584241 1 1700 450 789
10736 2315 16584251 1 1700 460 796
10711 2407 16584261 1 1690 470 795
10684 2533 16584271 1 1680 490 790
10652 2705 16584281 1 1660 510 780
10617 2923 16584291 1 1660 520 753
10576 3176 16584301 1 1630 540 765
10532 3431 16584311 1 1630 550 762
10479 3651 16584321 1 1620 560 795
10429 3818 16584331 1 1610 570 790
10390 3919 16584341 1 1610 570 806
10364 3972 16584351 1 1610 570 786
10357 3985 16584361 1 1610 570 760
10367 3977 16584372 1 1620 560 750
10408 3925 16584382 1 1620 560 734
10490 3848 16584392 1 1620 560 709
10637 3752 16584402 1 1620 560 679
10851 3660 16584412 1 1620 560 656
11127 3593 16584422 1 1620 560 643
11445 3554 16584432 1 1620 560 612
11777 3546 16584442 1 1620 560 586
12094 3546 16584452 1 1630 560 583
12371 3576 16584462 1 1630 560 597
12592 3603 16584472 1 1650 560 612
12745 3628 16584482 1 1650 560 651
12838 3650 16584492 1 1650 560 686
12881 3665 16584502 1 1660 560 705
12889 3665 16584512 1 1660 560 712
12860 3665 16584522 1 1680 560 710
12784 3654 16584532 1 1680 560 712
12632 3621 16584542 1 1680 560 691
12370 3561 16584552 1 1680 560 697
11978 3471 16584562 1 1680 560 703
11455 3351 16584573 1 1680 560 683
10822 3206 16584583 1 1680 560 662
10134 3046 16584593 1 1660 560 659
9458 2883 16584603 1 1660 560 669
8860 2735 16584613 1 1650 560 677
8385 2612 16584623 1 1630 570 685
8042 2525 16584633 1 1630 570 685
7826 2478 16584643 1 1610 570 685
7708 2457 16584653 1 1590 570 673
7661 2457 16584663 1 1590 570 626
7672 2457 16584673 1 1570 570 526
7729 2457 16584683 1 1570 580 301
7828 2464 16584693 1 1570 580 60
7892 2473 16584703 0 1570 580 0
8118 2534 16584713 0 1570 580 0
8275 2601 16584723 0 1570 580 0
8422 2682 16584733 0 1570 580 0
8555 2767 16584743 0 1570 580 0
8678 2846 16584753 0 1570 580 0
8791 2912 16584763 0 1580 580 0
8897 2969 16584774 0 1590 570 0
9001 3017 16584784 0 1610 570 0
9094 3059 16584794 0 1630 570 0
9178 3095 16584804 0 1640 570 0
9251 3123 16584814 0 1660 560 0
9316 3146 16584824 0 1670 550 0
9375 3162 16584834 0 1670 550 0
9426 3174 16584844 0 1650 550 0
9459 3195 16584852 1 1640 540 298
9466 3223 16584862 1 1630 540 302
9466 3254 16584872 1 1620 540 415
9439 3287 16584882 1 1600 540 467
9416 3306 16584892 1 1580 540 460
9400 3314 16584902 1 1580 540 452
9392 3314 16584912 1 1580 540 449
9392 3307 16584922 1 1600 540 448
9392 3288 16584932 1 1600 540 458
9383 3268 16584942 1 1600 540 470
9352 3241 16584952 1 1600 540 489
9306 3207 16584962 1 1600 540 488
9232 3169 16584972 1 1600 540 485
9145 3135 16584982 1 1600 540 488
9057 3115 16584992 1 1600 540 492
8984 3115 16585002 1 1600 540 493
8926 3135 16585012 1 1600 540 492
8883 3167 16585022 1 1600 540 519
8852 3200 16585032 1 1600 540 530
8829 3225 16585042 1 1600 540 541
8822 3232 16585053 1 1600 540 526
8814 3232 16585063 1 1600 540 519
8814 3200 16585073 1 1600 540 513
8814 3161 16585083 1 1600 540 514
8814 3115 16585093 1 1600 540 520
8806 3072 16585103 1 1600 540 526
8776 3035 16585113 1 1600 540 533
8735 3006 16585123 1 1600 540 531
8677 2990 16585133 1 1600 540 533
8607 2990 16585143 1 1600 540 541
8535 3001 16585153 1 1600 540 542
8471 3028 16585163 1 1600 540 556
8416 3064 16585173 1 1600 540 570
8375 3099 16585183 1 1600 540 622
8345 3125 16585193 1 1600 540 622
8327 3134 16585203 1 1600 540 613
8327 3141 16585213 1 1600 540 598
8327 3132 16585223 1 1580 540 581
8340 3113 16585233 1 1580 540 574
8369 3087 16585243 1 1570 540 575
8412 3048 16585254 1 1570 540 574
8466 2998 16585264 1 1560 550 575
8538 2934 16585274 1 1560 550 574
8630 2851 16585284 1 1560 550 578
8758 2750 16585294 1 1580 550 577
8936 2629 16585304 1 1570 560 574
9158 2486 16585314 1 1590 550 520
9406 2330 16585324 1 1590 550 457
9656 2176 16585334 1 1610 550 385
9879 2029 16585344 1 1620 540 321
10048 1903 16585354 1 1640 520 248
10146 1799 16585364 1 1660 510 225
10148 1709 16585374 1 1670 500 209
10045 1631 16585384 1 1690 480 245
9853 1566 16585394 1 1690 460 317
9594 1519 16585404 1 1700 460 411
9311 1506 16585414 1 1700 460 484
9061 1527 16585424 1 1700 450 548
8876 1586 16585434 1 1700 450 622
8788 1680 16585444 1 1700 450 599
8816 1798 16585455 1 1700 450 597
8967 1929 16585465 1 1700 460 572
9238 2076 16585475 1 1700 460 570
9609 2226 16585485 1 1690 460 615
10043 2368 16585495 1 1690 470 600
10498 2495 16585505 1 1690 480 563
10943 2603 16585515 1 1680 500 449
11338 2693 16585525 1 1670 510 383
11655 2777 16585535 1 1670 520 197
11881 2856 16585545 1 1670 540 81
11953 2891 16585555 0 1670 550 0
12008 2979 16585565 0 1680 560 0
11914 3024 16585575 0 1680 560 0
11717 3057 16585585 0 1680 560 0
11426 3081 16585595 0 1680 560 0
11084 3089 16585605 0 1680 550 0
10752 3089 16585615 0 1680 550 0
10471 3066 16585625 0 1680 550 0
10276 3042 16585635 0 1690 540 0
10160 3022 16585645 0 1670 540 0
10094 3015 16585656 0 1670 540 0
10047 3008 16585666 0 1660 540 0
10001 3008 16585676 0 1640 540 0
9945 3015 16585686 0 1640 530 0
9881 3028 16585696 0 1610 520 0
9811 3047 16585706 0 1600 520 0
9748 3072 16585716 0 1580 520 0
9691 3106 16585726 0 1570 520 0
9635 3144 16585736 0 1570 520 0
9579 3182 16585746 0 1560 510 0
9517 3223 16585756 0 1550 510 0
9457 3260 16585766 0 1550 510 0
9408 3298 16585776 0 1530 510 0
9379 3336 16585786 0 1530 510 0
9372 3377 16585796 0 1540 500 0
9372 3420 16585806 0 1540 500 0
9379 3464 16585816 0 1530 500 0
9379 3508 16585826 0 1530 500 0
9370 3547 16585836 0 1530 500 0
9363 3583 16585846 0 1530 500 0
9353 3615 16585857 0 1530 500 0
9353 3650 16585867 0 1540 500 0
9368 3692 16585877 0 1540 500 0
9396 3740 16585887 0 1540 500 0
9436 3792 16585897 0 1550 500 0
9489 3840 16585907 0 1550 500 0
9546 3890 16585914 1 1570 510 376
9589 3937 16585924 1 1580 510 525
9610 3976 16585934 1 1580 520 626
9599 4010 16585944 1 1600 520 655
9550 4022 16585954 1 1610 520 645
9463 4022 16585964 1 1620 540 620
9342 3978 16585974 1 1620 540 430
