231
29444 17925 17076484 1 1650 510 287
29453 17917 17076494 1 1660 510 371
29464 17917 17076504 1 1680 500 447
29472 17917 17076514 1 1690 500 579
29472 17924 17076524 1 1690 500 639
29479 17924 17076534 1 1700 500 667
29479 17924 17076544 1 1720 500 698
29486 17924 17076554 1 1730 500 725
29486 17924 17076564 1 1730 490 747
29486 17931 17076574 1 1730 490 774
29486 17939 17076584 1 1730 490 804
29486 17950 17076594 1 1730 480 817
29486 17970 17076604 1 1730 480 811
29465 18003 17076614 1 1730 480 808
29442 18049 17076624 1 1730 480 804
29412 18111 17076634 1 1730 480 797
29377 18187 17076644 1 1730 480 773
29338 18274 17076654 1 1730 480 762
29299 18362 17076664 1 1730 480 773
29265 18442 17076674 1 1730 490 783
29238 18500 17076685 1 1730 490 798
29222 18536 17076695 1 1730 490 799
29215 18546 17076705 1 1730 500 785
29215 18555 17076715 1 1730 500 761
29225 18555 17076725 1 1730 500 733
29254 18555 17076735 1 1730 500 709
29320 18555 17076745 1 1730 510 693
29427 18555 17076755 1 1730 510 668
29573 18555 17076765 1 1730 510 663
29746 18563 17076775 1 1720 520 651
29932 18571 17076785 1 1730 510 648
30116 18571 17076795 1 1710 510 650
30279 18579 17076805 1 1720 500 652
30404 18579 17076815 1 1710 490 655
30477 18579 17076825 1 1710 470 655
30508 18579 17076835 1 1710 460 658
30508 18571 17076845 1 1710 450 660
30484 18571 17076855 1 1700 440 667
30423 18549 17076865 1 1710 430 667
30315 18522 17076875 1 1710 420 676
30140 18480 17076886 1 1710 420 664
29879 18416 17076896 1 1720 420 640
29520 18327 17076906 1 1720 420 604
29030 18204 17076916 1 1730 420 599
28432 18047 17076926 1 1730 430 617
27786 17865 17076936 1 1730 430 654
27163 17680 17076946 1 1710 440 649
26639 17506 17076956 1 1710 450 636
26240 17366 17076966 1 1700 450 652
25951 17262 17076976 1 1690 450 634
25765 17198 17076986 1 1660 460 622
25665 17169 17076996 1 1650 460 489
25642 17169 17077006 1 1630 470 209
25650 17169 17077016 0 1620 480 0
25774 17219 17077026 0 1620 490 0
25904 17280 17077036 0 1620 490 0
26068 17359 17077046 0 1620 500 0
26261 17447 17077056 0 1620 500 0
26481 17529 17077066 0 1620 490 0
26720 17600 17077076 0 1610 480 0
26972 17647 17077087 0 1610 480 0
27222 17672 17077097 0 1620 480 0
27465 17672 17077107 0 1610 480 0
27698 17664 17077117 0 1620 490 0
27908 17646 17077127 0 1620 500 0
28086 17628 17077137 0 1630 500 0
28225 17616 17077147 0 1640 500 0
28326 17606 17077157 0 1640 500 0
28395 17597 17077167 0 1650 500 0
28439 17581 17077177 0 1650 500 0
28465 17557 17077187 0 1660 490 0
28475 17544 17077195 1 1660 480 431
28490 17527 17077205 1 1680 470 467
28490 17517 17077215 1 1680 460 503
28490 17517 17077225 1 1700 460 606
28490 17527 17077235 1 1710 460 633
28490 17538 17077245 1 1710 450 642
28490 17549 17077255 1 1720 450 655
28499 17564 17077265 1 1720 440 675
28508 17584 17077275 1 1720 440 687
28521 17615 17077285 1 1720 440 687
28542 17668 17077295 1 1720 440 681
28577 17746 17077305 1 1730 430 683
28619 17851 17077315 1 1730 430 647
28674 17994 17077325 1 1720 440 613
28737 18172 17077335 1 1720 440 603
28790 18381 17077345 1 1720 440 589
28828 18620 17077355 1 1730 450 611
28838 18858 17077365 1 1740 460 634
28826 19064 17077375 1 1750 460 665
28798 19217 17077385 1 1760 460 700
28775 19305 17077396 1 1770 460 696
28766 19337 17077406 1 1780 460 676
28766 19327 17077416 1 1790 460 674
28783 19274 17077426 1 1800 450 677
28822 19186 17077436 1 1800 450 675
28886 19074 17077446 1 1810 450 673
28976 18957 17077456 1 1810 450 672
29095 18858 17077466 1 1810 450 669
29250 18788 17077476 1 1810 470 641
29444 18752 17077486 1 1800 480 632
29672 18744 17077496 1 1800 490 632
29917 18758 17077506 1 1790 500 630
30152 18787 17077516 1 1780 510 649
30346 18819 17077526 1 1760 510 666
30485 18848 17077536 1 1750 510 680
30567 18869 17077546 1 1750 500 713
30602 18878 17077556 1 1770 490 725
30602 18878 17077566 1 1780 480 726
30575 18878 17077576 1 1790 470 728
30500 18856 17077586 1 1800 460 722
30358 18820 17077597 1 1800 450 721
30134 18759 17077607 1 1800 450 713
29815 18670 17077617 1 1800 450 693
29377 18548 17077627 1 1800 460 653
28812 18386 17077637 1 1790 470 634
28144 18191 17077647 1 1770 470 634
27426 17985 17077657 1 1750 470 634
26744 17785 17077667 1 1720 480 647
26174 17618 17077677 1 1700 480 648
25761 17502 17077687 1 1690 470 655
25513 17433 17077697 1 1680 470 648
25408 17403 17077707 1 1660 470 602
25419 17403 17077717 1 1650 470 526
25519 17432 17077727 1 1630 480 322
25592 17450 17077737 0 1620 490 0
25859 17531 17077747 0 1620 490 0
26043 17611 17077757 0 1620 490 0
26213 17709 17077767 0 1620 490 0
26373 17829 17077777 0 1630 480 0
26531 17961 17077787 0 1630 480 0
26692 18091 17077798 0 1620 470 0
26846 18205 17077808 0 1620 470 0
26984 18297 17077818 0 1620 460 0
27103 18361 17077828 0 1620 460 0
27199 18400 17077838 0 1610 450 0
27272 18422 17077848 0 1610 450 0
27330 18431 17077858 0 1600 460 0
27369 18453 17077871 1 1600 460 465
27388 18470 17077881 1 1610 470 497
27388 18489 17077891 1 1600 480 577
27388 18505 17077901 1 1610 480 604
27376 18505 17077911 1 1610 490 593
27365 18489 17077921 1 1600 500 587
27352 18464 17077931 1 1600 500 581
27332 18427 17077941 1 1600 500 583
27305 18384 17077951 1 1600 500 564
27266 18341 17077961 1 1600 500 554
27213 18302 17077971 1 1610 490 549
27148 18275 17077981 1 1610 490 503
27076 18265 17077991 1 1610 480 491
27010 18256 17078001 1 1610 480 513
26961 18268 17078011 1 1610 480 540
26929 18286 17078021 1 1620 480 557
26918 18303 17078031 1 1620 480 573
26909 18310 17078041 1 1620 480 563
26901 18310 17078051 1 1620 470 554
26893 18295 17078061 1 1620 470 544
26876 18264 17078072 1 1620 470 519
26849 18224 17078082 1 1620 470 526
26813 18182 17078092 1 1620 470 529
26773 18148 17078102 1 1620 470 568
26732 18128 17078112 1 1620 470 585
26686 18128 17078122 1 1620 470 599
26636 18136 17078132 1 1630 460 624
26579 18167 17078142 1 1630 460 647
26520 18209 17078152 1 1630 460 670
26463 18255 17078162 1 1630 460 696
26413 18296 17078172 1 1630 460 698
26379 18324 17078182 1 1630 460 697
26359 18332 17078192 1 1630 460 664
26359 18332 17078202 1 1630 460 646
26375 18296 17078212 1 1630 460 642
26418 18241 17078222 1 1630 460 644
26489 18167 17078232 1 1630 460 643
26588 18072 17078242 1 1630 460 646
26711 17965 17078252 1 1630 460 653
26852 17844 17078262 1 1630 460 652
27005 17717 17078273 1 1630 460 632
27157 17592 17078283 1 1630 450 598
27290 17476 17078293 1 1630 460 574
27386 17374 17078303 1 1630 460 570
27431 17284 17078313 1 1630 460 575
27431 17206 17078323 1 1620 470 588
27371 17141 17078333 1 1620 480 599
27270 17086 17078343 1 1620 480 607
27133 17040 17078353 1 1620 490 628
26967 17003 17078363 1 1620 490 627
26795 16975 17078373 1 1630 490 644
26632 16964 17078383 1 1630 490 654
26500 16952 17078393 1 1630 490 669
26408 16961 17078403 1 1630 490 678
26365 16982 17078413 1 1630 490 675
26378 17023 17078423 1 1630 490 675
26458 17088 17078433 1 1640 480 660
26607 17171 17078443 1 1640 480 672
26826 17277 17078453 1 1640 480 668
27107 17396 17078463 1 1640 480 703
27422 17515 17078474 1 1650 470 708
27746 17629 17078484 1 1650 470 739
28040 17728 17078494 1 1660 460 741
28275 17804 17078504 1 1660 460 726
28438 17859 17078514 1 1680 450 698
28526 17889 17078524 1 1690 440 623
28560 17905 17078534 1 1700 450 452
28551 17905 17078544 1 1710 440 102
28503 17895 17078554 0 1730 430 0
28420 17888 17078564 0 1730 430 0
28315 17888 17078574 0 1730 430 0
28197 17911 17078584 0 1730 430 0
28072 17953 17078594 0 1730 430 0
27944 18005 17078604 0 1740 430 0
27803 18063 17078614 0 1740 440 0
27646 18121 17078624 0 1740 450 0
27480 18176 17078634 0 1730 450 0
27304 18230 17078644 0 1720 460 0
27135 18285 17078654 0 1700 470 0
26985 18345 17078664 0 1690 470 0
26875 18417 17078675 0 1670 470 0
26818 18503 17078685 0 1660 470 0
26807 18595 17078695 0 1630 470 0
26847 18687 17078705 0 1620 480 0
26911 18762 17078715 0 1610 470 0
26992 18845 17078722 1 1610 470 542
27058 18917 17078732 1 1590 480 579
27104 18971 17078742 1 1600 480 594
27116 19020 17078752 1 1600 480 650
27107 19031 17078762 1 1610 480 652
27071 19031 17078772 1 1610 480 632
27006 18996 17078782 1 1610 480 527
26915 18942 17078792 1 1610 480 307
