256
11961 13936 16547849 1 1670 490 277
11954 13920 16547859 1 1670 490 316
11954 13909 16547869 1 1680 500 456
11954 13909 16547879 1 1680 500 549
11961 13900 16547889 1 1670 510 599
11968 13900 16547899 1 1670 510 627
11968 13900 16547909 1 1670 510 676
11975 13900 16547919 1 1670 510 718
11975 13900 16547929 1 1670 510 745
11975 13919 16547939 1 1670 510 739
11965 13948 16547949 1 1670 510 747
11947 13993 16547959 1 1670 510 743
11919 14054 16547969 1 1670 510 746
11888 14131 16547979 1 1670 510 747
11859 14230 16547989 1 1670 510 746
11834 14346 16547999 1 1670 510 740
11825 14459 16548009 1 1670 510 758
11816 14553 16548019 1 1680 500 761
11809 14616 16548029 1 1680 500 766
11809 14647 16548039 1 1680 490 760
11809 14654 16548050 1 1680 490 740
11809 14661 16548060 1 1690 480 694
11827 14661 16548070 1 1690 480 657
11876 14652 16548080 1 1690 470 641
11975 14644 16548090 1 1690 470 594
12127 14633 16548100 1 1690 470 580
12315 14622 16548110 1 1690 470 555
12515 14611 16548120 1 1690 470 553
12699 14604 16548130 1 1700 480 553
12853 14604 16548140 1 1700 480 554
12962 14596 16548150 1 1710 490 562
13025 14596 16548160 1 1720 490 585
13039 14587 16548170 1 1720 490 603
13008 14576 16548180 1 1730 500 625
12936 14562 16548190 1 1730 500 624
12814 14539 16548200 1 1730 500 625
12629 14501 16548210 1 1730 500 625
12367 14446 16548220 1 1730 500 595
12011 14363 16548230 1 1730 500 565
11548 14250 16548240 1 1730 500 528
10981 14103 16548251 1 1720 500 488
10332 13929 16548261 1 1700 500 497
9666 13745 16548271 1 1690 500 504
9049 13561 16548281 1 1680 500 519
8533 13406 16548291 1 1670 500 526
8162 13287 16548301 1 1650 500 528
7933 13210 16548311 1 1640 510 493
7820 13172 16548321 1 1620 510 377
7797 13165 16548331 1 1600 510 136
7812 13165 16548341 0 1600 510 0
7935 13220 16548351 0 1590 510 0
8055 13281 16548361 0 1590 510 0
8203 13356 16548371 0 1590 510 0
8367 13430 16548381 0 1590 510 0
8559 13493 16548391 0 1600 510 0
8792 13543 16548401 0 1600 510 0
9071 13576 16548411 0 1620 510 0
9383 13601 16548421 0 1630 500 0
9708 13621 16548431 0 1630 490 0
10013 13637 16548441 0 1650 470 0
10273 13653 16548452 0 1650 470 0
10475 13666 16548462 0 1650 460 0
10613 13673 16548472 0 1660 450 0
10701 13681 16548482 0 1660 450 0
10747 13681 16548492 0 1670 450 0
10767 13659 16548502 0 1670 450 0
10767 13629 16548512 0 1680 450 0
10759 13593 16548522 0 1680 460 0
10759 13552 16548532 0 1690 460 0
10759 13533 16548545 1 1700 480 114
10795 13494 16548555 1 1710 490 268
10832 13487 16548565 1 1700 500 367
10873 13479 16548575 1 1700 500 494
10903 13479 16548585 1 1700 510 568
10921 13479 16548595 1 1700 510 617
10932 13479 16548605 1 1700 520 657
10932 13479 16548615 1 1700 520 702
10932 13479 16548625 1 1700 520 736
10941 13498 16548635 1 1700 520 750
10950 13522 16548645 1 1700 520 773
10960 13560 16548655 1 1700 520 786
10976 13617 16548665 1 1700 520 777
10996 13700 16548675 1 1690 500 781
11027 13823 16548685 1 1690 500 744
11066 13998 16548695 1 1690 500 739
11109 14224 16548705 1 1700 510 720
11148 14511 16548715 1 1700 510 705
11176 14849 16548725 1 1700 510 712
11193 15156 16548735 1 1700 500 745
11204 15405 16548746 1 1700 500 757
11204 15573 16548756 1 1710 490 774
11193 15643 16548766 1 1710 490 778
11185 15677 16548776 1 1710 480 768
11174 15688 16548786 1 1710 470 733
11174 15681 16548796 1 1710 470 700
11184 15638 16548806 1 1720 460 705
11214 15571 16548816 1 1720 460 667
11266 15488 16548826 1 1720 450 661
11354 15402 16548836 1 1720 460 661
11485 15335 16548846 1 1720 460 659
11654 15294 16548856 1 1720 460 657
11856 15275 16548866 1 1720 470 634
12082 15275 16548876 1 1720 480 626
12318 15290 16548886 1 1730 480 611
12547 15298 16548896 1 1730 490 590
12750 15308 16548906 1 1730 490 557
12914 15308 16548916 1 1740 490 526
13023 15290 16548926 1 1740 490 503
13080 15272 16548936 1 1750 490 507
13093 15256 16548947 1 1750 490 526
13073 15241 16548957 1 1750 490 560
12992 15218 16548967 1 1750 490 578
12848 15185 16548977 1 1750 500 593
12623 15135 16548987 1 1750 500 606
12315 15068 16548997 1 1750 500 625
11938 14979 16549007 1 1750 500 648
11495 14862 16549017 1 1740 510 653
11004 14725 16549027 1 1740 510 638
10478 14569 16549037 1 1730 510 621
9963 14408 16549047 1 1720 500 625
9509 14260 16549057 1 1700 500 643
9152 14133 16549067 1 1690 500 634
8908 14037 16549077 1 1690 480 606
8761 13975 16549087 1 1670 480 570
8686 13940 16549097 1 1660 480 489
8654 13930 16549107 1 1650 480 391
8654 13930 16549117 1 1650 480 57
8690 13970 16549127 0 1630 490 0
8748 14032 16549137 0 1630 490 0
8828 14117 16549148 0 1630 490 0
8936 14211 16549158 0 1650 480 0
9064 14296 16549168 0 1650 480 0
9209 14365 16549178 0 1670 470 0
9361 14413 16549188 0 1670 460 0
9505 14445 16549198 0 1680 450 0
9632 14468 16549208 0 1680 440 0
9735 14491 16549218 0 1670 430 0
9815 14515 16549228 0 1680 420 0
9874 14543 16549238 0 1670 410 0
9916 14571 16549248 0 1670 410 0
9938 14599 16549258 0 1670 410 0
9938 14626 16549268 0 1670 420 0
9931 14654 16549271 1 1670 430 69
9908 14682 16549281 1 1670 430 188
9887 14707 16549291 1 1680 440 326
9878 14729 16549301 1 1680 440 412
9869 14739 16549311 1 1680 440 468
9869 14739 16549321 1 1680 430 506
9877 14739 16549331 1 1680 430 522
9877 14730 16549341 1 1690 420 521
9877 14715 16549351 1 1690 420 521
9877 14695 16549361 1 1690 420 521
9868 14676 16549371 1 1690 420 530
9849 14656 16549381 1 1690 420 536
9808 14639 16549391 1 1690 420 540
9742 14621 16549401 1 1680 430 543
9659 14613 16549411 1 1680 430 538
9576 14604 16549421 1 1680 440 539
9510 14611 16549431 1 1680 440 543
9474 14632 16549441 1 1680 440 543
9464 14656 16549451 1 1680 440 565
9455 14677 16549461 1 1680 440 566
9455 14686 16549472 1 1680 440 551
9455 14676 16549482 1 1680 440 541
9455 14651 16549492 1 1680 440 522
9455 14615 16549502 1 1670 440 513
9455 14571 16549512 1 1670 440 519
9438 14532 16549522 1 1660 440 526
9422 14500 16549532 1 1670 440 541
9398 14480 16549542 1 1670 450 581
9371 14480 16549552 1 1660 460 615
9341 14492 16549562 1 1660 460 617
9305 14525 16549572 1 1660 460 633
9268 14571 16549582 1 1660 460 641
9224 14623 16549592 1 1670 460 653
9177 14666 16549602 1 1670 460 664
9140 14694 16549612 1 1670 460 654
9117 14703 16549622 1 1690 450 619
9117 14703 16549632 1 1690 440 593
9117 14676 16549642 1 1700 450 590
9146 14635 16549652 1 1700 450 571
9181 14578 16549662 1 1700 440 585
9242 14506 16549673 1 1700 450 583
9327 14423 16549683 1 1700 450 600
9443 14331 16549693 1 1700 450 589
9581 14227 16549703 1 1700 460 585
9740 14112 16549713 1 1690 460 550
9916 13982 16549723 1 1690 460 510
10096 13842 16549733 1 1690 470 491
10266 13697 16549743 1 1690 470 467
10396 13555 16549753 1 1690 470 442
10471 13419 16549763 1 1690 480 430
10474 13297 16549773 1 1690 480 430
10402 13191 16549783 1 1700 490 454
10257 13106 16549793 1 1690 500 481
10057 13047 16549803 1 1700 500 512
9822 13011 16549813 1 1700 510 541
9572 13001 16549823 1 1700 510 539
9333 13001 16549833 1 1690 510 546
9128 13020 16549843 1 1690 510 564
8975 13051 16549853 1 1670 510 563
8890 13094 16549863 1 1670 510 558
8889 13147 16549874 1 1670 510 543
8979 13209 16549884 1 1670 510 548
9179 13280 16549894 1 1670 510 531
9506 13362 16549904 1 1670 510 542
9955 13450 16549914 1 1680 500 561
10513 13541 16549924 1 1680 500 572
11122 13635 16549934 1 1680 490 585
11720 13732 16549944 1 1690 500 555
12245 13830 16549954 1 1690 500 519
12637 13924 16549964 1 1710 490 401
12882 14006 16549974 1 1720 490 155
12950 14039 16549984 0 1730 490 0
12946 14111 16549994 0 1740 480 0
12802 14149 16550004 0 1760 480 0
12574 14184 16550014 0 1760 470 0
12280 14221 16550024 0 1760 470 0
11953 14253 16550034 0 1750 450 0
11628 14279 16550044 0 1740 440 0
11339 14287 16550054 0 1750 420 0
11109 14298 16550064 0 1750 390 0
10936 14308 16550075 0 1750 370 0
10808 14319 16550085 0 1760 350 0
10712 14339 16550095 0 1750 330 0
10638 14370 16550105 0 1760 310 0
10580 14411 16550115 0 1760 300 0
10533 14459 16550125 0 1770 300 0
10491 14511 16550135 0 1770 300 0
10456 14557 16550145 0 1760 300 0
10427 14597 16550155 0 1750 300 0
10405 14632 16550165 0 1750 300 0
10384 14666 16550175 0 1750 300 0
10358 14701 16550185 0 1740 300 0
10324 14738 16550195 0 1740 300 0
10284 14776 16550205 0 1740 300 0
10244 14812 16550215 0 1740 300 0
10207 14848 16550225 0 1720 320 0
10174 14885 16550235 0 1720 350 0
10143 14923 16550245 0 1710 370 0
10122 14962 16550255 0 1700 400 0
10114 15003 16550265 0 1700 420 0
10114 15043 16550276 0 1690 440 0
10124 15081 16550286 0 1690 460 0
10132 15115 16550296 0 1690 470 0
10141 15144 16550306 0 1690 480 0
10141 15172 16550316 0 1680 490 0
10150 15187 16550318 1 1680 490 157
10159 15255 16550328 1 1690 480 250
10167 15308 16550338 1 1690 480 407
10167 15358 16550348 1 1690 470 556
10167 15397 16550358 1 1690 470 577
10146 15409 16550368 1 1690 460 557
10098 15409 16550378 1 1690 460 548
10017 15378 16550388 1 1700 460 441
9916 15321 16550398 1 1700 460 151
