246
29478 2753 17116932 1 1440 600 283
29489 2753 17116942 1 1450 600 415
29497 2746 17116952 1 1480 610 472
29497 2746 17116962 1 1500 620 588
29497 2753 17116972 1 1520 620 663
29497 2753 17116982 1 1540 630 700
29497 2760 17116992 1 1550 630 722
29497 2770 17117002 1 1570 630 741
29497 2790 17117012 1 1600 630 762
29490 2812 17117022 1 1600 630 771
29490 2844 17117032 1 1600 630 769
29473 2890 17117042 1 1600 630 774
29453 2951 17117052 1 1600 630 765
29426 3029 17117062 1 1620 630 751
29387 3123 17117072 1 1620 630 722
29345 3235 17117082 1 1640 630 716
29308 3351 17117092 1 1640 630 724
29282 3449 17117102 1 1660 630 726
29274 3521 17117112 1 1660 620 724
29274 3556 17117122 1 1680 630 712
29274 3556 17117133 1 1680 630 667
29311 3548 17117143 1 1700 630 644
29386 3527 17117153 1 1720 630 634
29507 3501 17117163 1 1720 630 593
29674 3477 17117173 1 1720 640 589
29873 3460 17117183 1 1720 640 548
30091 3451 17117193 1 1700 640 486
30312 3451 17117203 1 1680 630 481
30514 3451 17117213 1 1650 640 489
30667 3451 17117223 1 1650 640 509
30757 3451 17117233 1 1620 650 541
30791 3444 17117243 1 1600 650 575
30783 3444 17117253 1 1600 650 587
30739 3436 17117263 1 1580 640 600
30640 3422 17117273 1 1580 640 613
30471 3393 17117283 1 1580 640 633
30216 3345 17117293 1 1580 640 630
29866 3270 17117303 1 1600 650 631
29424 3167 17117313 1 1600 650 631
28897 3038 17117323 1 1610 640 625
28313 2885 17117334 1 1610 640 646
27706 2716 17117344 1 1600 630 615
27103 2539 17117354 1 1610 620 634
26533 2364 17117364 1 1600 600 612
26018 2203 17117374 1 1590 590 625
25595 2070 17117384 1 1610 570 578
25286 1979 17117394 1 1600 550 499
25096 1927 17117404 1 1620 540 459
25008 1915 17117414 1 1610 520 357
24992 1930 17117424 1 1620 510 184
25053 1974 17117434 1 1620 500 20
25172 2034 17117444 0 1620 490 0
25340 2104 17117454 0 1630 480 0
25526 2166 17117464 0 1630 470 0
25708 2221 17117474 0 1650 470 0
25889 2278 17117484 0 1650 470 0
26078 2335 17117494 0 1650 470 0
26289 2393 17117504 0 1640 480 0
26517 2444 17117514 0 1620 500 0
26758 2486 17117524 0 1600 510 0
27008 2525 17117535 0 1590 530 0
27271 2564 17117545 0 1580 560 0
27536 2601 17117555 0 1570 580 0
27782 2628 17117565 0 1570 600 0
27978 2637 17117575 0 1570 610 0
28105 2637 17117585 0 1560 620 0
28167 2625 17117595 0 1560 620 0
28179 2608 17117605 0 1560 610 0
28179 2590 17117615 0 1540 600 0
28169 2572 17117625 0 1500 600 0
28159 2554 17117635 0 1460 600 0
28150 2547 17117648 1 1450 590 405
28150 2547 17117658 1 1420 580 412
28143 2540 17117668 1 1420 580 467
28143 2540 17117678 1 1400 580 532
28143 2540 17117688 1 1420 580 571
28150 2540 17117698 1 1420 580 601
28158 2540 17117708 1 1430 590 627
28158 2547 17117718 1 1430 590 655
28166 2560 17117728 1 1440 580 662
28174 2591 17117738 1 1440 580 667
28182 2646 17117748 1 1440 580 672
28192 2736 17117758 1 1440 580 672
28203 2859 17117768 1 1440 580 691
28213 3017 17117778 1 1460 580 697
28220 3213 17117788 1 1460 580 669
28220 3443 17117798 1 1470 590 697
28227 3680 17117808 1 1490 590 705
28227 3885 17117818 1 1510 600 735
28219 4032 17117828 1 1530 590 751
28209 4112 17117838 1 1570 600 751
28209 4138 17117849 1 1580 600 740
28209 4138 17117859 1 1600 600 721
28226 4104 17117869 1 1620 610 706
28273 4042 17117879 1 1630 610 698
28354 3948 17117889 1 1650 610 687
28494 3837 17117899 1 1660 600 655
28688 3729 17117909 1 1660 600 638
28937 3639 17117919 1 1660 600 587
29237 3582 17117929 1 1650 610 520
29569 3558 17117939 1 1650 610 504
29897 3558 17117949 1 1650 610 474
30191 3582 17117959 1 1650 620 477
30429 3619 17117969 1 1650 620 476
30589 3653 17117979 1 1640 630 524
30688 3687 17117989 1 1640 630 585
30736 3713 17117999 1 1640 630 653
30748 3722 17118009 1 1630 640 685
30748 3733 17118019 1 1630 640 697
30732 3733 17118029 1 1630 640 705
30685 3716 17118039 1 1650 640 714
30584 3680 17118050 1 1650 640 733
30402 3625 17118060 1 1670 640 739
30118 3549 17118070 1 1670 640 746
29740 3461 17118080 1 1670 640 754
29262 3362 17118090 1 1670 640 751
28698 3249 17118100 1 1680 630 753
28087 3128 17118110 1 1660 620 748
27467 2995 17118120 1 1660 620 743
26891 2858 17118130 1 1650 610 708
26395 2728 17118140 1 1640 600 712
26011 2617 17118150 1 1650 590 690
25745 2535 17118160 1 1640 580 646
25590 2486 17118170 1 1620 580 578
25529 2464 17118180 1 1610 570 462
25519 2456 17118190 1 1600 560 337
25560 2465 17118200 1 1600 560 141
25594 2476 17118210 0 1580 560 0
25753 2540 17118220 0 1580 560 0
25891 2615 17118230 0 1580 560 0
26030 2703 17118240 0 1570 560 0
26157 2793 17118251 0 1570 560 0
26279 2876 17118261 0 1550 550 0
26396 2942 17118271 0 1550 550 0
26511 2994 17118281 0 1570 560 0
26626 3033 17118291 0 1570 560 0
26737 3068 17118301 0 1580 560 0
26849 3109 17118311 0 1590 550 0
26960 3154 17118321 0 1600 550 0
27060 3203 17118331 0 1600 550 0
27141 3249 17118341 0 1630 550 0
27190 3299 17118349 1 1630 550 269
27204 3340 17118359 1 1640 550 340
27204 3374 17118369 1 1640 550 400
27177 3399 17118379 1 1650 550 454
27148 3399 17118389 1 1650 560 459
27117 3378 17118399 1 1650 560 458
27088 3346 17118409 1 1630 560 465
27057 3305 17118419 1 1630 560 466
27025 3263 17118429 1 1620 560 470
26992 3227 17118439 1 1620 560 479
26948 3195 17118449 1 1620 560 474
26890 3171 17118459 1 1630 550 475
26827 3154 17118469 1 1630 550 474
26761 3154 17118479 1 1630 550 480
26709 3163 17118489 1 1630 550 512
26673 3186 17118499 1 1630 550 518
26652 3214 17118509 1 1630 550 526
26642 3236 17118519 1 1630 550 526
26642 3244 17118529 1 1630 550 521
26634 3251 17118539 1 1630 550 520
26618 3236 17118550 1 1630 550 517
26595 3210 17118560 1 1630 550 519
26557 3177 17118570 1 1630 550 517
26510 3141 17118580 1 1630 550 523
26453 3109 17118590 1 1630 550 526
26393 3090 17118600 1 1630 550 529
26332 3090 17118610 1 1630 550 548
26276 3098 17118620 1 1630 550 591
26228 3121 17118630 1 1630 550 590
26191 3149 17118640 1 1630 550 606
26165 3171 17118650 1 1630 550 618
26150 3187 17118660 1 1610 550 611
26150 3187 17118670 1 1610 550 600
26150 3187 17118680 1 1600 540 587
26180 3156 17118690 1 1600 540 591
26230 3118 17118700 1 1600 540 586
26317 3062 17118710 1 1600 540 589
26434 2988 17118720 1 1590 550 592
26577 2897 17118730 1 1590 550 591
26732 2790 17118740 1 1600 550 561
26886 2668 17118751 1 1600 560 529
27031 2541 17118761 1 1610 570 475
27170 2423 17118771 1 1610 570 449
27300 2309 17118781 1 1620 560 407
27415 2212 17118791 1 1640 550 363
27506 2137 17118801 1 1660 520 340
27554 2076 17118811 1 1690 480 355
27554 2031 17118821 1 1710 460 394
27489 1989 17118831 1 1720 420 418
27359 1940 17118841 1 1740 390 443
27175 1887 17118851 1 1740 350 476
26961 1832 17118861 1 1750 330 545
26758 1790 17118871 1 1750 320 599
26603 1778 17118881 1 1740 330 601
26506 1778 17118891 1 1740 340 612
26484 1817 17118901 1 1730 350 530
26544 1881 17118911 1 1720 360 531
26683 1962 17118921 1 1720 370 469
26903 2063 17118931 1 1710 380 437
27194 2173 17118941 1 1700 390 422
27529 2279 17118952 1 1710 400 395
27886 2378 17118962 1 1700 420 315
28240 2462 17118972 1 1690 440 237
28568 2531 17118982 1 1680 460 123
28847 2591 17118992 1 1670 490 59
29070 2644 17119002 0 1660 520 0
29227 2696 17119012 0 1650 550 0
29316 2743 17119022 0 1640 580 0
29333 2785 17119032 0 1620 610 0
29289 2820 17119042 0 1610 620 0
29194 2848 17119052 0 1610 620 0
29065 2867 17119062 0 1610 620 0
28919 2879 17119072 0 1610 620 0
28769 2879 17119082 0 1620 610 0
28627 2888 17119092 0 1620 610 0
28493 2895 17119102 0 1620 610 0
28366 2904 17119112 0 1600 600 0
28239 2928 17119122 0 1600 600 0
28109 2950 17119132 0 1610 600 0
27977 2986 17119142 0 1620 600 0
27852 3032 17119153 0 1650 590 0
27738 3092 17119163 0 1680 580 0
27640 3161 17119173 0 1720 580 0
27555 3233 17119183 0 1740 570 0
27480 3305 17119193 0 1750 570 0
27411 3374 17119203 0 1770 560 0
27349 3437 17119213 0 1770 550 0
27291 3495 17119223 0 1770 540 0
27237 3552 17119233 0 1760 540 0
27191 3605 17119243 0 1750 530 0
27151 3660 17119253 0 1730 530 0
27121 3711 17119263 0 1720 520 0
27100 3760 17119273 0 1710 520 0
27093 3802 17119283 0 1710 520 0
27086 3840 17119293 0 1700 510 0
27102 3865 17119303 0 1700 510 0
27129 3875 17119313 0 1700 520 0
27147 3885 17119316 1 1700 520 126
27208 3917 17119326 1 1690 510 362
27243 3945 17119336 1 1680 520 476
27263 3976 17119346 1 1660 530 521
27263 4003 17119356 1 1660 530 526
27227 4003 17119366 1 1660 540 512
27152 3984 17119376 1 1650 550 445
27040 3934 17119386 1 1650 550 274
