250
21259 14148 16781295 1 1660 530 53
21238 14141 16781305 1 1660 530 138
21217 14141 16781315 1 1660 530 286
21199 14141 16781325 1 1660 540 420
21187 14141 16781335 1 1660 540 527
21179 14141 16781345 1 1640 540 603
21179 14141 16781355 1 1640 540 668
21170 14141 16781365 1 1630 540 698
21170 14141 16781375 1 1630 540 728
21170 14141 16781385 1 1630 540 759
21162 14141 16781395 1 1630 540 786
21155 14155 16781405 1 1630 540 797
21143 14183 16781415 1 1630 540 791
21126 14226 16781425 1 1630 540 797
21101 14289 16781435 1 1630 540 799
21063 14369 16781445 1 1630 540 797
21022 14461 16781455 1 1630 540 794
20976 14567 16781465 1 1630 540 801
20936 14673 16781475 1 1630 540 800
20906 14768 16781485 1 1630 540 799
20888 14840 16781496 1 1640 530 799
20880 14883 16781506 1 1640 530 793
20880 14902 16781516 1 1640 530 775
20880 14909 16781526 1 1640 530 748
20904 14909 16781536 1 1630 540 726
20943 14901 16781546 1 1630 540 705
21023 14901 16781556 1 1620 540 680
21149 14901 16781566 1 1610 550 668
21320 14901 16781576 1 1610 550 641
21525 14913 16781586 1 1610 550 620
21736 14926 16781596 1 1630 550 603
21939 14933 16781606 1 1630 550 601
22110 14945 16781616 1 1630 550 606
22230 14952 16781626 1 1640 550 608
22295 14952 16781636 1 1640 540 620
22309 14944 16781646 1 1660 540 640
22274 14926 16781656 1 1660 540 659
22198 14896 16781666 1 1660 540 671
22077 14851 16781676 1 1660 540 675
21895 14789 16781686 1 1660 540 679
21628 14706 16781697 1 1660 540 665
21249 14596 16781707 1 1660 540 641
20722 14447 16781717 1 1660 530 593
20038 14252 16781727 1 1660 530 629
19251 14023 16781737 1 1650 530 631
18452 13776 16781747 1 1640 530 675
17743 13541 16781757 1 1620 530 693
17196 13345 16781767 1 1620 530 692
16824 13194 16781777 1 1610 520 695
16603 13097 16781787 1 1590 530 691
16497 13045 16781797 1 1590 530 606
16477 13032 16781807 1 1570 540 458
16521 13042 16781817 1 1570 540 158
16633 13081 16781827 0 1560 530 0
16798 13146 16781837 0 1560 530 0
17007 13235 16781847 0 1570 540 0
17248 13345 16781857 0 1570 540 0
17507 13458 16781867 0 1570 540 0
17783 13563 16781877 0 1580 530 0
18073 13652 16781887 0 1570 520 0
18363 13720 16781898 0 1580 510 0
18647 13770 16781908 0 1570 500 0
18909 13804 16781918 0 1580 490 0
19149 13822 16781928 0 1610 470 0
19356 13822 16781938 0 1620 470 0
19520 13822 16781948 0 1630 470 0
19640 13813 16781958 0 1650 460 0
19714 13799 16781968 0 1660 470 0
19752 13783 16781978 0 1670 470 0
19759 13775 16781996 1 1660 480 439
19747 13775 16782006 1 1660 490 469
19730 13775 16782016 1 1640 500 585
19716 13775 16782026 1 1620 510 669
19716 13775 16782036 1 1600 510 709
19716 13775 16782046 1 1580 520 720
19716 13775 16782056 1 1580 520 734
19716 13782 16782066 1 1580 520 740
19723 13789 16782076 1 1580 520 750
19734 13803 16782086 1 1580 520 776
19745 13833 16782096 1 1580 530 783
19762 13885 16782106 1 1580 530 783
19782 13963 16782116 1 1580 530 786
19801 14074 16782126 1 1580 530 777
19824 14225 16782136 1 1580 530 720
19852 14425 16782146 1 1580 530 713
19885 14677 16782156 1 1600 520 711
19915 14949 16782166 1 1600 520 710
19936 15198 16782176 1 1610 520 755
19936 15386 16782186 1 1610 520 786
19926 15504 16782197 1 1630 520 811
19919 15557 16782207 1 1630 520 804
19906 15568 16782217 1 1640 520 785
19898 15568 16782227 1 1650 510 768
19905 15534 16782237 1 1650 510 773
19927 15478 16782247 1 1650 510 747
19967 15411 16782257 1 1650 500 733
20046 15337 16782267 1 1650 500 733
20171 15276 16782277 1 1650 510 706
20349 15243 16782287 1 1650 510 681
20584 15235 16782297 1 1650 510 659
20866 15256 16782307 1 1660 510 646
21175 15293 16782317 1 1660 520 644
21473 15333 16782327 1 1670 520 666
21733 15366 16782337 1 1680 520 687
21930 15387 16782347 1 1680 520 695
22055 15394 16782357 1 1690 530 696
22123 15394 16782367 1 1700 520 700
22149 15394 16782377 1 1700 520 711
22139 15386 16782387 1 1700 520 720
22087 15369 16782398 1 1710 510 734
21959 15330 16782408 1 1710 510 754
21721 15259 16782418 1 1710 510 747
21340 15145 16782428 1 1710 520 732
20793 14980 16782438 1 1700 520 758
20080 14768 16782448 1 1700 520 730
19225 14508 16782458 1 1700 520 698
18294 14218 16782468 1 1680 520 711
17396 13934 16782478 1 1670 520 726
16630 13682 16782488 1 1660 520 739
16064 13494 16782498 1 1630 520 746
15714 13377 16782508 1 1620 520 745
15538 13318 16782518 1 1600 510 729
15487 13305 16782528 1 1600 510 693
15526 13305 16782538 1 1590 510 581
15635 13340 16782548 1 1580 520 357
15802 13396 16782558 1 1570 520 17
16012 13475 16782568 0 1570 520 0
16233 13577 16782578 0 1570 520 0
16444 13693 16782588 0 1580 520 0
16634 13815 16782599 0 1580 520 0
16803 13934 16782609 0 1580 520 0
16961 14038 16782619 0 1590 510 0
17105 14122 16782629 0 1610 500 0
17239 14184 16782639 0 1620 490 0
17362 14234 16782649 0 1640 480 0
17478 14273 16782659 0 1660 460 0
17585 14309 16782669 0 1680 450 0
17679 14342 16782679 0 1680 440 0
17757 14368 16782689 0 1680 430 0
17789 14382 16782692 1 1670 430 368
17848 14435 16782702 1 1660 440 419
17857 14471 16782712 1 1660 450 484
17848 14508 16782722 1 1640 460 562
17827 14532 16782732 1 1620 470 578
17813 14539 16782742 1 1600 480 567
17801 14539 16782752 1 1590 490 564
17801 14516 16782762 1 1600 500 557
17794 14491 16782772 1 1600 500 561
17786 14460 16782782 1 1600 500 558
17767 14424 16782792 1 1600 500 544
17733 14387 16782802 1 1600 500 537
17677 14351 16782812 1 1600 500 531
17607 14320 16782822 1 1600 500 533
17530 14299 16782832 1 1600 500 539
17461 14299 16782842 1 1590 510 544
17407 14299 16782852 1 1600 510 554
17366 14317 16782862 1 1600 510 563
17342 14339 16782872 1 1620 520 575
17324 14357 16782882 1 1640 510 601
17313 14369 16782893 1 1640 510 603
17313 14369 16782903 1 1640 510 596
17304 14369 16782913 1 1640 510 588
17288 14362 16782923 1 1640 510 585
17263 14345 16782933 1 1620 510 590
17228 14323 16782943 1 1620 510 595
17186 14303 16782953 1 1620 510 599
17136 14294 16782963 1 1620 510 601
17079 14285 16782973 1 1620 510 606
17017 14295 16782983 1 1620 510 626
16956 14313 16782993 1 1620 510 669
16909 14337 16783003 1 1620 510 691
16878 14360 16783013 1 1610 500 695
16870 14376 16783023 1 1610 500 686
16870 14376 16783033 1 1600 500 673
16879 14362 16783043 1 1600 500 636
16910 14325 16783053 1 1600 500 615
16966 14270 16783063 1 1600 500 615
17055 14199 16783073 1 1600 500 618
17174 14119 16783083 1 1600 500 616
17321 14032 16783094 1 1600 510 603
17479 13935 16783104 1 1600 510 611
17636 13829 16783114 1 1620 520 604
17790 13713 16783124 1 1620 520 591
17930 13590 16783134 1 1620 520 574
18050 13466 16783144 1 1620 520 552
18143 13356 16783154 1 1610 520 541
18188 13259 16783164 1 1610 520 552
18188 13181 16783174 1 1610 520 560
18118 13120 16783184 1 1600 530 564
17999 13073 16783194 1 1600 530 582
17834 13042 16783204 1 1600 530 597
17646 13034 16783214 1 1600 530 628
17472 13042 16783224 1 1600 530 634
17334 13066 16783234 1 1600 530 636
17252 13094 16783244 1 1600 530 634
17234 13125 16783254 1 1600 530 610
17273 13164 16783264 1 1600 530 596
17405 13223 16783274 1 1600 530 585
17639 13309 16783284 1 1600 530 585
17989 13428 16783295 1 1600 530 577
18447 13571 16783305 1 1610 520 591
18993 13738 16783315 1 1610 520 637
19583 13918 16783325 1 1620 530 627
20153 14089 16783335 1 1620 530 634
20642 14239 16783345 1 1640 530 600
21010 14350 16783355 1 1660 520 599
21242 14420 16783365 1 1670 520 517
21355 14456 16783375 1 1680 520 344
21373 14464 16783385 0 1690 530 0
21290 14464 16783395 0 1700 520 0
21154 14464 16783405 0 1700 520 0
20991 14464 16783415 0 1700 520 0
20826 14486 16783425 0 1700 520 0
20676 14515 16783435 0 1700 500 0
20542 14545 16783445 0 1710 490 0
20415 14568 16783455 0 1710 460 0
20290 14577 16783465 0 1700 430 0
20167 14577 16783475 0 1690 390 0
20051 14564 16783485 0 1690 360 0
19933 14549 16783496 0 1680 330 0
19811 14532 16783506 0 1680 310 0
19672 14521 16783516 0 1680 290 0
19515 14521 16783526 0 1680 290 0
19328 14521 16783536 0 1680 290 0
19114 14541 16783546 0 1690 300 0
18886 14562 16783556 0 1700 300 0
18654 14581 16783566 0 1710 300 0
18440 14599 16783576 0 1710 300 0
18258 14613 16783586 0 1710 300 0
18114 14620 16783596 0 1710 300 0
18005 14643 16783606 0 1710 300 0
17926 14663 16783616 0 1690 300 0
17862 14688 16783626 0 1680 290 0
17807 14715 16783636 0 1670 300 0
17757 14740 16783646 0 1650 320 0
17721 14764 16783656 0 1630 340 0
17710 14788 16783666 0 1610 360 0
17710 14813 16783676 0 1610 370 0
17743 14840 16783686 0 1600 390 0
17787 14867 16783697 0 1590 410 0
17844 14890 16783707 0 1590 430 0
17911 14910 16783717 0 1580 450 0
17948 14920 16783723 1 1570 470 373
18034 14955 16783733 1 1580 490 472
18058 14963 16783743 1 1590 500 489
18036 14973 16783753 1 1580 520 515
17958 14952 16783763 1 1590 530 530
17835 14908 16783773 1 1600 530 536
17679 14855 16783783 1 1600 530 481
17513 14798 16783793 1 1600 530 247
