250
21175 18013 16770269 1 1610 570 94
21167 18006 16770279 1 1610 570 187
21167 18006 16770289 1 1610 570 337
21159 17999 16770299 1 1610 570 450
21152 17999 16770309 1 1610 570 527
21152 17999 16770319 1 1610 570 583
21152 17992 16770329 1 1610 570 620
21152 17992 16770339 1 1610 570 644
21152 17992 16770349 1 1620 560 665
21152 17985 16770359 1 1620 560 693
21152 17985 16770369 1 1620 560 720
21152 17985 16770379 1 1620 560 744
21152 17985 16770389 1 1620 560 768
21152 17985 16770399 1 1620 560 793
21152 17995 16770409 1 1620 560 811
21145 18008 16770419 1 1620 560 812
21133 18033 16770429 1 1620 560 817
21117 18070 16770439 1 1620 560 813
21090 18123 16770449 1 1610 570 798
21052 18195 16770459 1 1610 570 785
21010 18290 16770470 1 1610 570 780
20964 18404 16770480 1 1610 570 771
20926 18527 16770490 1 1610 570 779
20894 18642 16770500 1 1610 570 804
20867 18729 16770510 1 1600 580 800
20844 18783 16770520 1 1600 580 816
20835 18810 16770530 1 1590 590 808
20824 18817 16770540 1 1580 600 785
20824 18817 16770550 1 1580 600 753
20831 18803 16770560 1 1570 610 735
20851 18783 16770570 1 1570 610 715
20899 18762 16770580 1 1570 610 705
20993 18739 16770590 1 1570 610 701
21129 18718 16770600 1 1570 610 684
21306 18707 16770610 1 1570 610 651
21497 18700 16770620 1 1570 610 648
21677 18689 16770630 1 1570 610 637
21837 18680 16770640 1 1590 610 634
21962 18673 16770650 1 1600 600 641
22046 18673 16770660 1 1620 600 654
22092 18673 16770671 1 1620 600 666
22101 18666 16770681 1 1650 590 669
22071 18666 16770691 1 1650 580 669
21997 18646 16770701 1 1670 580 681
21864 18620 16770711 1 1670 570 684
21651 18573 16770721 1 1670 570 655
21346 18501 16770731 1 1670 570 656
20926 18396 16770741 1 1660 570 625
20381 18247 16770751 1 1660 570 640
19737 18067 16770761 1 1640 570 642
19055 17869 16770771 1 1640 570 669
18416 17674 16770781 1 1630 570 698
17880 17508 16770791 1 1630 560 686
17476 17368 16770801 1 1620 560 683
17195 17264 16770811 1 1600 550 678
17021 17196 16770821 1 1600 540 618
16943 17161 16770831 1 1580 540 465
16945 17161 16770841 1 1580 540 184
16971 17161 16770851 0 1560 550 0
17136 17226 16770861 0 1560 550 0
17292 17298 16770872 0 1560 550 0
17472 17394 16770882 0 1560 550 0
17668 17506 16770892 0 1560 550 0
17880 17619 16770902 0 1550 540 0
18120 17720 16770912 0 1550 540 0
18382 17805 16770922 0 1530 540 0
18660 17864 16770932 0 1530 540 0
18930 17898 16770942 0 1550 540 0
19179 17905 16770952 0 1550 540 0
19389 17898 16770962 0 1560 550 0
19553 17876 16770972 0 1590 550 0
19671 17852 16770982 0 1600 550 0
19746 17832 16770992 0 1600 550 0
19791 17813 16771002 0 1600 550 0
19819 17792 16771012 0 1600 550 0
19840 17766 16771022 0 1590 550 0
19857 17734 16771032 0 1590 550 0
19872 17711 16771040 1 1580 550 513
19883 17703 16771050 1 1580 550 503
19883 17690 16771060 1 1580 550 583
19891 17690 16771070 1 1580 550 679
19898 17690 16771080 1 1590 550 704
19898 17690 16771090 1 1600 550 712
19907 17690 16771100 1 1620 560 733
19915 17690 16771110 1 1630 550 754
19923 17697 16771120 1 1630 550 769
19934 17725 16771130 1 1630 550 778
19958 17765 16771140 1 1630 550 787
19978 17827 16771150 1 1630 540 775
20005 17922 16771160 1 1630 550 755
20042 18056 16771170 1 1630 550 773
20080 18227 16771180 1 1630 550 758
20117 18437 16771190 1 1630 560 749
20142 18673 16771200 1 1630 560 757
20142 18911 16771210 1 1640 570 791
20116 19114 16771220 1 1640 570 802
20086 19262 16771230 1 1640 570 833
20052 19346 16771241 1 1640 570 848
20030 19375 16771251 1 1640 570 833
20023 19375 16771261 1 1640 570 801
20023 19356 16771271 1 1650 560 778
20041 19321 16771281 1 1650 560 772
20089 19259 16771291 1 1650 560 733
20171 19192 16771301 1 1650 550 734
20304 19130 16771311 1 1650 550 733
20497 19088 16771321 1 1650 560 698
20739 19079 16771331 1 1650 560 682
21022 19079 16771341 1 1650 560 683
21315 19108 16771351 1 1650 560 683
21583 19134 16771361 1 1650 560 704
21788 19154 16771371 1 1660 560 715
21914 19163 16771381 1 1660 560 708
21971 19163 16771391 1 1680 550 713
21971 19142 16771401 1 1680 550 721
21904 19115 16771411 1 1690 540 729
21769 19066 16771421 1 1690 540 729
21540 18998 16771431 1 1690 540 714
21191 18894 16771442 1 1680 550 706
20713 18757 16771452 1 1680 550 683
20111 18574 16771462 1 1680 560 698
19425 18353 16771472 1 1660 570 651
18732 18125 16771482 1 1660 570 685
18099 17911 16771492 1 1640 570 696
17586 17744 16771502 1 1630 570 682
17218 17631 16771512 1 1610 570 667
16979 17566 16771522 1 1620 560 641
16856 17536 16771532 1 1610 550 548
16817 17536 16771542 1 1600 530 405
16838 17552 16771552 1 1590 530 100
16898 17588 16771562 0 1600 520 0
16985 17645 16771572 0 1580 520 0
17097 17721 16771582 0 1580 520 0
17230 17817 16771592 0 1590 530 0
17384 17930 16771602 0 1590 530 0
17554 18049 16771612 0 1600 530 0
17728 18163 16771622 0 1600 530 0
17888 18260 16771632 0 1600 530 0
18026 18334 16771643 0 1590 530 0
18136 18385 16771653 0 1590 530 0
18226 18420 16771663 0 1570 540 0
18299 18441 16771673 0 1570 540 0
18326 18449 16771686 1 1570 540 311
18376 18486 16771696 1 1560 550 381
18383 18511 16771706 1 1570 560 431
18383 18534 16771716 1 1570 560 515
18383 18544 16771726 1 1570 570 550
18375 18551 16771736 1 1570 570 547
18375 18543 16771746 1 1570 580 542
18368 18526 16771756 1 1580 580 542
18368 18506 16771766 1 1580 580 544
18360 18476 16771776 1 1600 580 546
18333 18445 16771786 1 1600 580 548
18298 18409 16771796 1 1600 580 544
18251 18373 16771806 1 1580 580 544
18197 18347 16771816 1 1580 580 532
18143 18327 16771826 1 1570 580 533
18092 18327 16771836 1 1570 570 529
18050 18335 16771846 1 1570 570 525
18015 18355 16771856 1 1570 570 525
17984 18375 16771866 1 1580 560 519
17955 18382 16771876 1 1580 560 518
17925 18389 16771887 1 1580 560 513
17896 18380 16771897 1 1580 560 509
17866 18363 16771907 1 1580 560 507
17834 18340 16771917 1 1580 560 503
17804 18319 16771927 1 1580 560 512
17778 18299 16771937 1 1580 560 527
17755 18290 16771947 1 1580 560 558
17747 18290 16771957 1 1580 560 590
17725 18307 16771967 1 1580 560 613
17705 18330 16771977 1 1580 560 625
17677 18360 16771987 1 1580 560 620
17645 18387 16771997 1 1580 560 636
17612 18407 16772007 1 1580 560 637
17599 18415 16772017 1 1580 560 614
17590 18415 16772027 1 1580 560 592
17601 18398 16772037 1 1580 560 592
17630 18363 16772047 1 1580 560 596
17672 18313 16772057 1 1580 560 601
17719 18246 16772067 1 1580 560 603
17775 18163 16772077 1 1580 560 615
17853 18066 16772088 1 1580 560 603
17949 17962 16772098 1 1580 560 598
18086 17844 16772108 1 1580 560 608
18262 17723 16772118 1 1590 550 587
18443 17597 16772128 1 1590 550 585
18604 17468 16772138 1 1590 550 566
18723 17345 16772148 1 1600 540 569
18779 17231 16772158 1 1590 550 568
18779 17133 16772168 1 1590 550 573
18726 17053 16772178 1 1580 560 579
18619 16990 16772188 1 1580 560 600
18473 16956 16772198 1 1570 570 592
18305 16956 16772208 1 1570 570 645
18133 16991 16772218 1 1570 580 684
17979 17057 16772228 1 1570 580 730
17856 17134 16772238 1 1570 580 748
17769 17212 16772248 1 1570 580 789
17738 17280 16772258 1 1570 580 755
17783 17349 16772268 1 1590 570 759
17931 17426 16772278 1 1590 570 748
18204 17526 16772289 1 1600 560 743
18620 17655 16772299 1 1600 560 753
19141 17802 16772309 1 1600 550 763
19707 17960 16772319 1 1600 550 733
20235 18106 16772329 1 1620 560 724
20652 18227 16772339 1 1630 550 697
20929 18313 16772349 1 1630 550 678
21068 18361 16772359 1 1620 560 637
21108 18380 16772369 1 1630 560 526
21065 18380 16772379 1 1630 560 188
20958 18360 16772389 0 1640 570 0
20799 18351 16772399 0 1640 570 0
20606 18343 16772409 0 1640 570 0
20406 18359 16772419 0 1640 570 0
20217 18398 16772429 0 1630 570 0
20039 18450 16772439 0 1610 570 0
19864 18497 16772449 0 1610 570 0
19695 18530 16772459 0 1600 550 0
19542 18540 16772469 0 1600 550 0
19409 18540 16772479 0 1600 550 0
19292 18530 16772490 0 1630 550 0
19178 18523 16772500 0 1630 550 0
19054 18511 16772510 0 1630 550 0
18920 18499 16772520 0 1630 550 0
18785 18489 16772530 0 1630 540 0
18669 18482 16772540 0 1630 540 0
18584 18482 16772550 0 1630 540 0
18538 18492 16772560 0 1610 550 0
18528 18512 16772570 0 1600 540 0
18528 18540 16772580 0 1580 540 0
18528 18573 16772590 0 1570 540 0
18515 18612 16772600 0 1560 550 0
18490 18648 16772610 0 1560 550 0
18452 18679 16772620 0 1560 550 0
18408 18709 16772630 0 1550 550 0
18373 18736 16772640 0 1550 550 0
18354 18766 16772650 0 1550 550 0
18354 18804 16772660 0 1540 560 0
18375 18849 16772670 0 1540 570 0
18409 18894 16772680 0 1530 580 0
18452 18934 16772691 0 1540 580 0
18501 18978 16772692 1 1530 590 419
18540 19018 16772702 1 1550 600 501
18553 19043 16772712 1 1550 600 582
18546 19064 16772722 1 1550 600 619
18490 19064 16772732 1 1570 600 620
18378 19031 16772742 1 1570 590 591
18214 18980 16772752 1 1590 590 499
18015 18908 16772762 1 1590 590 144
