244
12214 6313 16572009 1 1710 460 326
12190 6323 16572019 1 1700 480 392
12183 6333 16572029 1 1700 500 483
12174 6353 16572039 1 1700 520 599
12174 6361 16572049 1 1690 530 660
12174 6368 16572059 1 1680 550 698
12174 6376 16572069 1 1680 560 721
12181 6384 16572079 1 1680 560 740
12181 6391 16572089 1 1680 560 754
12181 6399 16572099 1 1680 560 770
12181 6412 16572109 1 1680 560 784
12181 6435 16572119 1 1680 560 786
12172 6471 16572129 1 1680 560 784
12155 6528 16572139 1 1680 560 774
12129 6604 16572149 1 1670 570 762
12090 6708 16572159 1 1660 570 732
12051 6842 16572169 1 1660 570 716
12012 6990 16572179 1 1660 570 702
11976 7136 16572189 1 1660 570 701
11948 7255 16572199 1 1670 570 704
11923 7332 16572210 1 1680 560 720
11906 7373 16572220 1 1680 560 707
11899 7384 16572230 1 1680 550 684
11911 7384 16572240 1 1690 540 667
11946 7372 16572250 1 1690 540 650
12027 7351 16572260 1 1690 540 629
12159 7325 16572270 1 1690 530 608
12335 7296 16572280 1 1690 530 570
12537 7270 16572290 1 1690 530 530
12732 7238 16572300 1 1690 530 496
12907 7202 16572310 1 1700 540 492
13040 7170 16572320 1 1700 540 486
13126 7138 16572330 1 1720 540 481
13159 7108 16572340 1 1710 550 519
13130 7076 16572350 1 1710 550 552
13035 7037 16572360 1 1710 550 582
12874 6993 16572370 1 1710 550 576
12637 6939 16572380 1 1710 550 570
12307 6870 16572390 1 1710 550 517
11866 6780 16572400 1 1710 560 512
11304 6659 16572411 1 1710 560 506
10633 6508 16572421 1 1700 560 512
9885 6328 16572431 1 1680 560 555
9140 6127 16572441 1 1660 560 574
8472 5927 16572451 1 1650 560 589
7953 5751 16572461 1 1630 560 598
7623 5620 16572471 1 1620 560 575
7466 5547 16572481 1 1600 550 493
7439 5522 16572491 1 1600 550 414
7513 5540 16572501 1 1590 550 225
7580 5560 16572511 0 1580 550 0
7850 5657 16572521 0 1580 540 0
8061 5739 16572531 0 1570 540 0
8260 5819 16572541 0 1570 540 0
8440 5889 16572551 0 1580 540 0
8618 5943 16572561 0 1590 530 0
8806 5983 16572571 0 1610 520 0
9018 6016 16572581 0 1640 520 0
9256 6049 16572591 0 1650 510 0
9515 6079 16572601 0 1670 490 0
9778 6109 16572612 0 1670 470 0
10026 6132 16572622 0 1670 450 0
10235 6140 16572632 0 1670 440 0
10398 6150 16572642 0 1660 430 0
10525 6150 16572652 0 1670 420 0
10625 6140 16572662 0 1670 420 0
10710 6120 16572672 0 1680 420 0
10789 6090 16572682 0 1680 430 0
10863 6054 16572692 0 1690 440 0
10934 6020 16572702 0 1710 460 0
10994 6001 16572715 1 1710 480 402
11033 5993 16572725 1 1700 500 442
11056 5984 16572735 1 1700 510 570
11063 5984 16572745 1 1700 520 639
11063 5992 16572755 1 1690 530 665
11070 6005 16572765 1 1690 530 686
11070 6025 16572775 1 1690 540 724
11078 6052 16572785 1 1680 550 732
11087 6092 16572795 1 1680 550 742
11105 6145 16572805 1 1680 550 754
11121 6221 16572815 1 1680 550 756
11129 6323 16572825 1 1680 550 737
11157 6465 16572835 1 1680 550 714
11185 6649 16572845 1 1680 550 692
11222 6871 16572855 1 1680 550 664
11261 7128 16572865 1 1680 550 655
11302 7399 16572875 1 1680 550 698
11331 7645 16572885 1 1680 550 742
11348 7838 16572895 1 1700 550 743
11358 7961 16572905 1 1700 550 765
11358 8013 16572916 1 1700 540 775
11358 8024 16572926 1 1720 540 740
11358 8012 16572936 1 1720 540 731
11384 7972 16572946 1 1720 540 714
11431 7909 16572956 1 1720 530 705
11520 7833 16572966 1 1720 530 698
11658 7771 16572976 1 1720 530 679
11849 7731 16572986 1 1720 530 659
12088 7721 16572996 1 1710 530 619
12366 7721 16573006 1 1710 530 592
12649 7740 16573016 1 1690 530 583
12913 7748 16573026 1 1710 530 571
13127 7760 16573036 1 1710 530 573
13269 7769 16573046 1 1720 530 576
13347 7769 16573056 1 1730 530 589
13364 7769 16573066 1 1730 530 601
13330 7759 16573076 1 1750 530 601
13232 7737 16573086 1 1750 530 607
13067 7694 16573096 1 1750 530 620
12824 7627 16573106 1 1750 530 615
12489 7527 16573117 1 1750 530 582
12064 7398 16573127 1 1730 530 572
11551 7250 16573137 1 1730 540 558
10961 7082 16573147 1 1720 540 555
10308 6903 16573157 1 1700 540 585
9619 6710 16573167 1 1690 540 577
8934 6517 16573177 1 1670 540 621
8331 6340 16573187 1 1660 540 639
7879 6201 16573197 1 1640 540 632
7611 6115 16573207 1 1630 540 573
7514 6079 16573217 1 1620 540 473
7551 6091 16573227 1 1600 530 362
7685 6138 16573237 1 1590 530 126
7879 6219 16573247 0 1590 530 0
8104 6325 16573257 0 1580 530 0
8321 6442 16573267 0 1580 530 0
8519 6560 16573277 0 1590 530 0
8702 6666 16573287 0 1590 530 0
8878 6758 16573297 0 1600 530 0
9056 6838 16573307 0 1620 540 0
9228 6907 16573318 0 1630 540 0
9385 6966 16573328 0 1630 540 0
9529 7019 16573338 0 1630 550 0
9659 7066 16573348 0 1630 550 0
9765 7107 16573358 0 1630 540 0
9840 7139 16573368 0 1630 540 0
9875 7173 16573366 1 1620 540 265
9875 7199 16573376 1 1620 530 317
9848 7218 16573386 1 1610 520 424
9818 7226 16573396 1 1620 530 461
9796 7226 16573406 1 1620 530 452
9789 7226 16573416 1 1640 530 450
9789 7207 16573426 1 1640 520 446
9789 7187 16573436 1 1640 520 447
9772 7162 16573446 1 1640 520 448
9739 7130 16573456 1 1640 520 448
9680 7092 16573466 1 1640 530 444
9598 7056 16573476 1 1640 530 436
9508 7027 16573486 1 1640 530 415
9424 7018 16573496 1 1640 530 423
9361 7011 16573506 1 1640 530 433
9325 7021 16573516 1 1640 530 456
9305 7044 16573526 1 1640 530 469
9298 7052 16573536 1 1640 530 470
9298 7063 16573546 1 1640 530 455
9291 7063 16573556 1 1640 530 450
9278 7043 16573567 1 1650 530 446
9253 7015 16573577 1 1650 530 453
9222 6978 16573587 1 1660 530 471
9180 6940 16573597 1 1660 530 475
9136 6910 16573607 1 1660 530 482
9086 6891 16573617 1 1660 530 482
9028 6883 16573627 1 1660 530 477
8963 6891 16573637 1 1650 530 477
8895 6914 16573647 1 1650 530 482
8834 6955 16573657 1 1640 530 495
8782 7006 16573667 1 1640 530 555
8743 7057 16573677 1 1640 530 580
8714 7098 16573687 1 1640 530 631
8698 7120 16573697 1 1640 530 622
8691 7120 16573707 1 1640 530 605
8702 7111 16573717 1 1640 530 604
8735 7075 16573727 1 1640 530 602
8794 7017 16573737 1 1640 530 609
8879 6939 16573747 1 1640 530 606
8990 6847 16573757 1 1640 530 613
9125 6739 16573768 1 1640 530 612
9277 6620 16573778 1 1630 540 576
9449 6489 16573788 1 1630 540 523
9633 6350 16573798 1 1630 540 439
9816 6209 16573808 1 1630 540 386
9984 6076 16573818 1 1640 530 334
10115 5946 16573828 1 1650 530 273
10189 5815 16573838 1 1650 530 239
10192 5691 16573848 1 1660 530 231
10121 5576 16573858 1 1660 530 255
9982 5480 16573868 1 1660 530 355
9800 5414 16573878 1 1660 530 467
9601 5384 16573888 1 1660 530 503
9410 5384 16573898 1 1660 530 545
9260 5418 16573908 1 1660 530 604
9167 5476 16573918 1 1660 530 591
9145 5557 16573928 1 1660 530 572
9219 5659 16573938 1 1660 530 555
9400 5775 16573948 1 1660 530 538
9694 5901 16573958 1 1660 530 532
10090 6027 16573969 1 1680 530 564
10565 6150 16573979 1 1680 530 549
11077 6271 16573989 1 1690 530 526
11565 6385 16573999 1 1690 530 445
11975 6479 16574009 1 1690 530 378
12256 6550 16574019 1 1700 540 250
12397 6587 16574029 1 1700 540 10
12404 6594 16574039 0 1710 550 0
12305 6601 16574049 0 1710 550 0
12124 6608 16574059 0 1710 550 0
11873 6635 16574069 0 1710 560 0
11570 6658 16574079 0 1710 560 0
11246 6676 16574089 0 1710 560 0
10946 6683 16574099 0 1710 570 0
10708 6690 16574109 0 1710 570 0
10547 6699 16574119 0 1710 570 0
10454 6726 16574129 0 1690 570 0
10403 6755 16574139 0 1690 570 0
10370 6790 16574149 0 1680 560 0
10347 6831 16574159 0 1680 550 0
10323 6874 16574170 0 1680 550 0
10290 6920 16574180 0 1680 550 0
10257 6969 16574190 0 1670 540 0
10227 7021 16574200 0 1670 540 0
10206 7077 16574210 0 1660 530 0
10195 7135 16574220 0 1660 530 0
10188 7193 16574230 0 1670 520 0
10176 7248 16574240 0 1670 520 0
10155 7297 16574250 0 1670 520 0
10126 7340 16574260 0 1670 510 0
10095 7378 16574270 0 1670 510 0
10075 7409 16574280 0 1670 510 0
10075 7439 16574290 0 1680 500 0
10094 7464 16574300 0 1680 500 0
10126 7488 16574310 0 1680 500 0
10166 7510 16574320 0 1680 500 0
10206 7527 16574330 0 1680 500 0
10225 7535 16574342 1 1680 500 92
10268 7574 16574352 1 1680 500 144
10284 7604 16574362 1 1690 500 281
10284 7636 16574372 1 1690 500 417
10276 7663 16574382 1 1700 520 459
10257 7670 16574392 1 1700 520 481
10228 7670 16574402 1 1700 520 485
10184 7662 16574412 1 1700 520 489
10119 7630 16574422 1 1700 520 474
10031 7583 16574432 1 1700 520 382
9920 7524 16574442 1 1700 520 150
