264
12148 17678 16535952 1 1570 580 339
12138 17670 16535962 1 1570 570 376
12131 17659 16535972 1 1590 570 469
12131 17659 16535982 1 1590 570 528
12131 17659 16535992 1 1610 570 548
12131 17659 16536002 1 1610 570 568
12131 17667 16536012 1 1610 570 606
12131 17667 16536022 1 1610 570 632
12131 17667 16536032 1 1610 570 652
12131 17675 16536042 1 1610 570 676
12131 17682 16536052 1 1610 570 703
12115 17703 16536062 1 1620 560 704
12097 17735 16536072 1 1620 560 694
12071 17783 16536082 1 1620 560 703
12035 17851 16536092 1 1620 560 696
11994 17933 16536102 1 1620 560 721
11955 18023 16536112 1 1610 570 723
11921 18110 16536122 1 1610 570 729
11892 18190 16536132 1 1610 570 713
11871 18257 16536142 1 1610 570 720
11855 18304 16536153 1 1610 570 714
11844 18338 16536163 1 1610 570 701
11844 18355 16536173 1 1610 570 672
11863 18364 16536183 1 1610 570 619
11903 18364 16536193 1 1610 570 582
11970 18372 16536203 1 1610 570 540
12070 18372 16536213 1 1610 570 493
12197 18380 16536223 1 1610 570 474
12345 18392 16536233 1 1610 570 454
12510 18412 16536243 1 1610 570 467
12674 18428 16536253 1 1610 570 469
12829 18444 16536263 1 1600 580 473
12951 18458 16536273 1 1600 580 477
13032 18465 16536283 1 1610 590 499
13072 18465 16536293 1 1610 590 529
13072 18465 16536303 1 1630 590 537
13042 18458 16536313 1 1630 590 538
12980 18436 16536323 1 1630 590 545
12883 18408 16536333 1 1630 590 542
12740 18367 16536343 1 1610 590 531
12536 18305 16536354 1 1610 590 508
12252 18221 16536364 1 1610 570 449
11875 18111 16536374 1 1610 570 414
11394 17982 16536384 1 1610 570 433
10827 17828 16536394 1 1610 570 483
10192 17655 16536404 1 1610 570 495
9528 17464 16536414 1 1610 570 496
8895 17260 16536424 1 1600 560 564
8339 17065 16536434 1 1600 560 546
7900 16894 16536444 1 1590 550 533
7596 16769 16536454 1 1580 550 514
7413 16689 16536464 1 1570 540 407
7329 16649 16536474 1 1560 530 258
7325 16641 16536484 1 1540 530 19
7382 16655 16536494 0 1550 520 0
7489 16702 16536504 0 1540 520 0
7631 16772 16536514 0 1550 510 0
7796 16860 16536524 0 1530 510 0
7976 16945 16536534 0 1530 510 0
8163 17021 16536544 0 1540 520 0
8370 17085 16536555 0 1540 520 0
8600 17145 16536565 0 1540 530 0
8850 17204 16536575 0 1560 530 0
9107 17257 16536585 0 1550 540 0
9351 17303 16536595 0 1550 540 0
9571 17339 16536605 0 1540 550 0
9761 17374 16536615 0 1530 560 0
9931 17404 16536625 0 1520 560 0
10084 17434 16536635 0 1510 560 0
10231 17458 16536645 0 1510 560 0
10377 17475 16536655 0 1510 560 0
10520 17475 16536665 0 1520 570 0
10652 17475 16536675 0 1540 570 0
10767 17468 16536685 0 1550 580 0
10868 17457 16536695 0 1570 580 0
10960 17457 16536705 0 1580 580 0
11056 17449 16536715 0 1600 580 0
11155 17449 16536725 0 1610 590 0
11255 17449 16536735 0 1630 590 0
11347 17449 16536745 0 1630 590 0
11385 17449 16536748 1 1640 580 286
11460 17458 16536758 1 1640 580 348
11470 17458 16536768 1 1640 580 368
11470 17468 16536778 1 1640 580 454
11462 17468 16536788 1 1640 570 498
11452 17468 16536798 1 1640 570 499
11445 17468 16536808 1 1640 570 502
11445 17468 16536818 1 1640 570 524
11445 17468 16536828 1 1640 570 546
11445 17468 16536838 1 1640 570 586
11453 17468 16536848 1 1650 560 646
11453 17484 16536858 1 1650 560 674
11453 17508 16536868 1 1650 560 699
11434 17550 16536878 1 1650 560 706
11421 17614 16536888 1 1630 560 705
11411 17707 16536898 1 1630 560 688
11411 17842 16536908 1 1620 560 669
11420 18019 16536918 1 1620 560 653
11427 18227 16536928 1 1610 570 657
11427 18462 16536938 1 1610 570 649
11411 18697 16536949 1 1610 570 657
11376 18901 16536959 1 1610 570 682
11338 19066 16536969 1 1610 570 685
11313 19175 16536979 1 1620 580 698
11304 19230 16536989 1 1620 580 687
11304 19241 16536999 1 1640 580 678
11304 19212 16537009 1 1640 580 674
11311 19144 16537019 1 1640 580 670
11322 19057 16537029 1 1640 580 656
11336 18955 16537039 1 1640 580 648
11365 18852 16537049 1 1640 580 629
11417 18761 16537059 1 1640 580 588
11521 18691 16537069 1 1630 590 546
11686 18657 16537079 1 1630 590 491
11911 18669 16537089 1 1620 600 441
12188 18724 16537099 1 1620 600 417
12492 18806 16537109 1 1620 610 436
12791 18899 16537119 1 1630 610 441
13064 18984 16537129 1 1630 610 488
13292 19050 16537139 1 1650 610 546
13460 19091 16537150 1 1660 600 570
13570 19101 16537160 1 1660 600 557
13628 19101 16537170 1 1680 590 550
13643 19081 16537180 1 1680 590 561
13636 19047 16537190 1 1700 590 577
13583 19001 16537200 1 1700 590 585
13471 18945 16537210 1 1700 590 580
13283 18878 16537220 1 1700 590 581
13012 18798 16537230 1 1700 600 568
12637 18700 16537240 1 1700 600 569
12143 18574 16537250 1 1680 600 560
11523 18408 16537260 1 1680 600 571
10802 18205 16537270 1 1660 600 565
10042 17985 16537280 1 1640 600 563
9328 17771 16537290 1 1630 590 557
8705 17578 16537300 1 1620 580 563
8186 17417 16537310 1 1630 570 569
7789 17283 16537320 1 1620 560 580
7513 17185 16537330 1 1600 550 576
7363 17124 16537340 1 1600 540 515
7332 17098 16537351 1 1600 540 459
7383 17098 16537361 1 1580 540 317
7505 17138 16537371 1 1580 540 80
7667 17195 16537381 0 1570 540 0
7844 17270 16537391 0 1570 540 0
8004 17355 16537401 0 1570 540 0
8134 17438 16537411 0 1570 540 0
8235 17519 16537421 0 1570 540 0
8331 17600 16537431 0 1570 540 0
8430 17677 16537441 0 1570 540 0
8539 17750 16537451 0 1570 540 0
8658 17814 16537461 0 1580 530 0
8790 17866 16537471 0 1590 530 0
8924 17910 16537481 0 1600 520 0
9047 17942 16537491 0 1610 520 0
9145 17969 16537501 0 1620 530 0
9209 17992 16537511 0 1640 530 0
9244 18013 16537521 0 1660 520 0
9253 18036 16537531 0 1670 520 0
9262 18056 16537541 0 1680 520 0
9262 18066 16537559 1 1680 520 157
9278 18110 16537569 1 1690 530 258
9291 18137 16537579 1 1690 530 316
9306 18164 16537589 1 1680 530 431
9322 18185 16537599 1 1680 530 469
9333 18185 16537609 1 1660 540 459
9333 18185 16537619 1 1660 540 459
9333 18162 16537629 1 1640 550 473
9333 18129 16537639 1 1640 550 474
9317 18089 16537649 1 1620 560 473
9298 18045 16537659 1 1620 560 478
9266 18003 16537669 1 1620 560 476
9220 17968 16537679 1 1620 560 467
9166 17941 16537689 1 1630 550 459
9113 17934 16537699 1 1630 550 467
9072 17934 16537709 1 1630 540 466
9048 17969 16537719 1 1640 530 470
9041 18012 16537729 1 1640 530 498
9041 18056 16537739 1 1640 530 547
9034 18088 16537749 1 1640 520 562
9034 18097 16537760 1 1640 520 550
9027 18097 16537770 1 1640 520 527
9007 18076 16537780 1 1640 520 513
8987 18044 16537790 1 1640 520 503
8965 18005 16537800 1 1640 520 504
8938 17967 16537810 1 1640 520 508
8906 17936 16537820 1 1640 520 509
8865 17913 16537830 1 1640 520 510
8814 17898 16537840 1 1640 520 517
8760 17898 16537850 1 1640 520 519
8708 17911 16537860 1 1630 520 539
8664 17936 16537870 1 1630 520 566
8631 17968 16537880 1 1620 520 606
8609 18000 16537890 1 1620 520 626
8600 18023 16537900 1 1620 520 636
8590 18031 16537910 1 1620 520 624
8590 18039 16537920 1 1620 520 618
8598 18022 16537930 1 1620 520 607
8622 17992 16537940 1 1620 520 604
8666 17948 16537950 1 1620 520 599
8733 17893 16537961 1 1620 520 601
8826 17828 16537971 1 1620 520 608
8946 17755 16537981 1 1620 520 599
9091 17674 16537991 1 1630 520 581
9250 17584 16538001 1 1630 520 555
9416 17486 16538011 1 1640 530 517
9574 17384 16538021 1 1640 530 470
9702 17281 16538031 1 1640 530 443
9790 17182 16538041 1 1630 540 422
9824 17093 16538051 1 1630 550 424
9801 17011 16538061 1 1620 560 437
9721 16937 16538071 1 1620 560 442
9592 16874 16538081 1 1620 560 445
9428 16825 16538091 1 1620 560 514
9251 16796 16538101 1 1620 560 526
9093 16789 16538111 1 1630 550 555
8966 16789 16538121 1 1630 540 556
8883 16813 16538131 1 1640 530 555
8847 16843 16538141 1 1640 520 542
8860 16888 16538151 1 1650 510 520
8943 16949 16538162 1 1650 510 526
9100 17032 16538172 1 1640 520 512
9337 17131 16538182 1 1640 520 548
9656 17249 16538192 1 1640 530 563
10037 17381 16538202 1 1630 540 570
10452 17519 16538212 1 1630 550 580
10851 17645 16538222 1 1620 560 570
11192 17751 16538232 1 1620 560 538
11451 17830 16538242 1 1630 560 530
11622 17883 16538252 1 1630 560 429
11721 17919 16538262 1 1650 560 274
11756 17928 16538272 1 1650 550 17
11731 17935 16538282 0 1670 550 0
11657 17935 16538292 0 1670 550 0
11544 17935 16538302 0 1680 550 0
11409 17951 16538312 0 1690 540 0
11265 17973 16538322 0 1690 540 0
11118 17995 16538332 0 1690 540 0
10972 18017 16538342 0 1690 540 0
10818 18037 16538352 0 1690 540 0
10657 18054 16538363 0 1680 550 0
10485 18070 16538373 0 1670 550 0
10304 18085 16538383 0 1670 550 0
10121 18103 16538393 0 1650 550 0
9941 18127 16538403 0 1640 550 0
9771 18159 16538413 0 1630 550 0
9623 18197 16538423 0 1600 540 0
9505 18236 16538433 0 1580 540 0
9422 18275 16538443 0 1560 530 0
9374 18312 16538453 0 1540 530 0
9362 18353 16538463 0 1520 540 0
9362 18395 16538473 0 1510 530 0
9388 18443 16538483 0 1510 530 0
9415 18488 16538493 0 1510 530 0
9437 18526 16538503 0 1510 540 0
9445 18555 16538513 0 1510 540 0
9464 18571 16538523 0 1530 550 0
9474 18580 16538533 0 1530 560 0
9486 18592 16538536 1 1540 560 304
9486 18600 16538546 1 1550 580 314
9478 18612 16538556 1 1570 580 352
9440 18623 16538566 1 1560 590 406
9367 18613 16538576 1 1570 590 403
9264 18581 16538586 1 1590 590 250
