232
29539 13874 17086378 1 1680 560 287
29546 13847 17086388 1 1690 570 407
29546 13836 17086398 1 1690 580 512
29539 13836 17086408 1 1700 580 625
29539 13836 17086418 1 1720 580 716
29539 13829 17086428 1 1720 580 765
29539 13829 17086438 1 1730 590 808
29539 13839 17086448 1 1730 590 832
29548 13853 17086458 1 1730 590 838
29548 13876 17086468 1 1730 590 854
29548 13911 17086478 1 1730 590 846
29533 13963 17086488 1 1730 590 845
29509 14027 17086498 1 1730 590 836
29474 14111 17086508 1 1730 590 810
29430 14211 17086518 1 1730 590 797
29372 14324 17086528 1 1730 590 775
29309 14439 17086538 1 1730 590 788
29246 14543 17086548 1 1740 580 796
29196 14622 17086558 1 1740 580 804
29171 14670 17086568 1 1740 570 811
29171 14691 17086579 1 1740 570 797
29171 14691 17086589 1 1740 570 764
29192 14691 17086599 1 1740 560 735
29221 14684 17086609 1 1740 560 720
29283 14684 17086619 1 1740 560 706
29402 14677 17086629 1 1740 550 687
29580 14684 17086639 1 1740 550 657
29808 14698 17086649 1 1740 550 646
30060 14720 17086659 1 1740 560 647
30293 14740 17086669 1 1740 560 649
30482 14747 17086679 1 1740 570 652
30608 14757 17086689 1 1740 580 664
30670 14757 17086699 1 1750 590 679
30684 14749 17086709 1 1750 600 697
30684 14742 17086719 1 1770 600 702
30630 14731 17086729 1 1780 610 702
30529 14701 17086739 1 1780 610 698
30351 14651 17086749 1 1780 610 678
30079 14575 17086759 1 1780 600 647
29705 14468 17086769 1 1780 600 630
29210 14332 17086780 1 1770 590 626
28604 14157 17086790 1 1750 580 624
27924 13950 17086800 1 1740 570 619
27225 13720 17086810 1 1710 570 643
26580 13489 17086820 1 1700 560 629
26044 13284 17086830 1 1670 540 613
25642 13123 17086840 1 1640 540 610
25380 13020 17086850 1 1630 540 576
25241 12968 17086860 1 1600 530 510
25213 12961 17086870 1 1590 530 273
25230 12980 17086880 0 1560 530 0
25416 13070 17086890 0 1560 530 0
25612 13161 17086900 0 1560 530 0
25827 13259 17086910 0 1580 530 0
26045 13356 17086920 0 1580 530 0
26271 13443 17086930 0 1560 530 0
26526 13511 17086940 0 1570 520 0
26817 13572 17086950 0 1580 510 0
27137 13612 17086960 0 1590 510 0
27458 13641 17086970 0 1610 500 0
27761 13660 17086981 0 1630 500 0
28027 13660 17086991 0 1630 490 0
28241 13660 17087001 0 1650 490 0
28389 13660 17087011 0 1660 490 0
28466 13653 17087021 0 1670 490 0
28493 13629 17087031 0 1680 490 0
28484 13605 17087041 0 1680 500 0
28462 13572 17087051 0 1670 500 0
28437 13539 17087061 0 1660 510 0
28422 13531 17087064 1 1640 520 529
28405 13531 17087074 1 1660 520 548
28398 13531 17087084 1 1650 530 633
28391 13555 17087094 1 1660 530 679
28384 13564 17087104 1 1670 540 698
28384 13576 17087114 1 1690 540 720
28384 13590 17087124 1 1700 550 747
28384 13602 17087134 1 1700 550 775
28391 13615 17087144 1 1710 550 796
28399 13637 17087154 1 1710 550 800
28413 13675 17087164 1 1710 550 799
28434 13735 17087174 1 1710 550 798
28457 13823 17087184 1 1710 550 796
28488 13945 17087194 1 1710 550 749
28522 14105 17087204 1 1710 550 723
28556 14304 17087214 1 1710 550 678
28601 14543 17087224 1 1710 560 661
28646 14817 17087234 1 1730 560 662
28675 15096 17087244 1 1730 560 669
28684 15338 17087254 1 1740 550 687
28684 15523 17087265 1 1760 550 730
28676 15633 17087275 1 1770 550 750
28666 15679 17087285 1 1790 540 737
28666 15688 17087295 1 1800 540 720
28658 15670 17087305 1 1800 530 717
28651 15619 17087315 1 1800 530 720
28668 15536 17087325 1 1800 520 721
28710 15436 17087335 1 1800 520 720
28792 15334 17087345 1 1800 520 725
28924 15243 17087355 1 1800 520 725
29107 15181 17087365 1 1800 530 715
29348 15142 17087375 1 1800 530 691
29624 15131 17087385 1 1800 540 685
29913 15121 17087395 1 1800 550 674
30184 15121 17087405 1 1800 550 671
30400 15121 17087415 1 1800 560 682
30545 15114 17087425 1 1800 560 681
30620 15114 17087435 1 1800 570 703
30636 15114 17087445 1 1800 570 721
30612 15107 17087455 1 1800 570 728
30529 15100 17087466 1 1800 570 717
30373 15079 17087476 1 1800 570 722
30121 15030 17087486 1 1800 580 708
29756 14941 17087496 1 1800 580 684
29264 14809 17087506 1 1800 580 671
28659 14636 17087516 1 1800 580 642
27964 14421 17087526 1 1780 570 674
27239 14186 17087536 1 1750 570 641
26583 13961 17087546 1 1730 560 655
26069 13769 17087556 1 1690 540 676
25728 13642 17087566 1 1660 540 676
25556 13575 17087576 1 1640 530 669
25503 13561 17087586 1 1620 520 617
25536 13591 17087596 1 1590 510 415
25639 13656 17087606 1 1590 500 208
25711 13698 17087616 0 1590 500 0
25956 13841 17087626 0 1600 500 0
26103 13926 17087636 0 1600 500 0
26208 13997 17087646 0 1600 500 0
26288 14060 17087656 0 1610 490 0
26377 14118 17087667 0 1590 490 0
26495 14176 17087677 0 1600 480 0
26639 14237 17087687 0 1600 470 0
26795 14299 17087697 0 1600 460 0
26950 14360 17087707 0 1610 440 0
27085 14415 17087717 0 1620 440 0
27190 14458 17087727 0 1630 430 0
27257 14491 17087737 0 1640 420 0
27281 14513 17087747 0 1640 420 0
27272 14530 17087757 0 1650 420 0
27248 14543 17087767 0 1650 430 0
27214 14566 17087775 1 1650 440 428
27179 14591 17087785 1 1660 450 462
27157 14614 17087795 1 1650 460 563
27150 14635 17087805 1 1650 470 581
27150 14635 17087815 1 1630 480 569
27150 14618 17087825 1 1620 490 572
27143 14587 17087835 1 1610 490 569
27129 14547 17087845 1 1610 490 567
27110 14502 17087855 1 1610 490 561
27086 14462 17087865 1 1610 490 568
27059 14431 17087875 1 1610 490 575
27023 14410 17087885 1 1610 490 567
26982 14402 17087895 1 1600 500 573
26935 14395 17087905 1 1600 500 574
26883 14403 17087915 1 1600 500 567
26834 14419 17087925 1 1600 500 577
26792 14435 17087935 1 1600 500 600
26766 14442 17087945 1 1600 500 592
26758 14452 17087955 1 1600 500 570
26758 14452 17087965 1 1600 500 545
26751 14433 17087976 1 1600 500 538
26742 14408 17087986 1 1600 500 533
26719 14374 17087996 1 1600 500 538
26679 14336 17088006 1 1600 500 545
26627 14303 17088016 1 1600 500 553
26562 14279 17088026 1 1610 490 565
26497 14272 17088036 1 1610 490 592
26436 14279 17088046 1 1610 490 628
26386 14305 17088056 1 1610 490 644
26343 14338 17088066 1 1610 490 671
26312 14369 17088076 1 1610 490 704
26303 14389 17088086 1 1610 490 679
26293 14389 17088096 1 1590 490 633
26293 14381 17088106 1 1590 490 623
26321 14349 17088116 1 1580 490 610
26365 14297 17088126 1 1580 490 592
26433 14222 17088136 1 1580 490 599
26532 14130 17088146 1 1580 490 611
26656 14028 17088156 1 1580 490 610
26807 13917 17088166 1 1590 490 604
26979 13804 17088177 1 1590 490 602
27168 13688 17088187 1 1600 500 575
27351 13576 17088197 1 1600 500 560
27505 13473 17088207 1 1610 500 533
27622 13383 17088217 1 1610 500 506
27683 13310 17088227 1 1620 520 506
27686 13243 17088237 1 1620 520 543
27624 13180 17088247 1 1620 520 570
27500 13115 17088257 1 1610 520 573
27325 13054 17088267 1 1610 520 591
27120 13006 17088277 1 1610 520 600
26911 12979 17088287 1 1600 530 638
26734 12979 17088297 1 1600 530 652
26601 12979 17088307 1 1600 530 667
26525 13000 17088317 1 1600 530 659
26510 13030 17088327 1 1600 530 627
26562 13077 17088337 1 1600 530 618
26702 13146 17088347 1 1590 530 613
26935 13241 17088357 1 1590 530 616
27270 13354 17088367 1 1590 530 627
27671 13479 17088378 1 1590 530 630
28096 13609 17088388 1 1600 530 654
28498 13733 17088398 1 1640 530 638
28825 13847 17088408 1 1650 530 640
29057 13943 17088418 1 1680 530 627
29193 14017 17088428 1 1700 550 546
29250 14070 17088438 1 1730 550 378
29238 14102 17088448 1 1740 550 16
29166 14110 17088458 0 1770 550 0
29034 14120 17088468 0 1790 550 0
28849 14127 17088478 0 1790 550 0
28626 14154 17088488 0 1790 550 0
28377 14185 17088498 0 1790 540 0
28110 14224 17088508 0 1770 530 0
27830 14261 17088518 0 1770 520 0
27543 14292 17088528 0 1760 500 0
27271 14324 17088538 0 1750 470 0
27039 14359 17088548 0 1730 440 0
26870 14403 17088558 0 1720 410 0
26776 14464 17088568 0 1710 390 0
26756 14539 17088579 0 1700 360 0
26784 14632 17088589 0 1700 340 0
26846 14737 17088599 0 1690 330 0
26925 14840 17088609 0 1680 330 0
27008 14931 17088619 0 1680 340 0
27046 14967 17088632 1 1670 360 165
27113 15043 17088642 1 1660 390 390
27113 15053 17088652 1 1650 420 377
27054 15027 17088662 1 1640 450 414
26945 14976 17088672 1 1640 480 440
26794 14884 17088682 1 1630 500 404
26609 14776 17088692 1 1620 510 198
