240
20936 2647 16820316 1 1640 580 310
20947 2631 16820326 1 1640 580 419
20947 2623 16820336 1 1640 580 521
20947 2635 16820346 1 1640 580 632
20932 2650 16820356 1 1640 570 687
20915 2667 16820366 1 1640 570 714
20893 2691 16820376 1 1640 570 733
20868 2719 16820386 1 1640 570 775
20844 2753 16820396 1 1640 570 791
20823 2797 16820406 1 1640 570 784
20802 2854 16820416 1 1640 570 783
20779 2930 16820426 1 1640 570 775
20749 3027 16820436 1 1640 570 766
20713 3146 16820446 1 1640 570 753
20676 3275 16820456 1 1640 570 757
20648 3396 16820466 1 1640 570 755
20630 3494 16820476 1 1650 560 766
20630 3555 16820486 1 1650 560 755
20630 3585 16820496 1 1650 560 730
20641 3592 16820506 1 1650 550 716
20684 3592 16820517 1 1650 550 698
20771 3592 16820527 1 1650 550 675
20908 3599 16820537 1 1650 550 655
21096 3608 16820547 1 1650 550 630
21321 3623 16820557 1 1650 550 606
21559 3647 16820567 1 1650 550 597
21793 3675 16820577 1 1650 550 596
21994 3703 16820587 1 1650 550 600
22139 3726 16820597 1 1650 550 620
22225 3741 16820607 1 1660 540 645
22259 3741 16820617 1 1660 540 676
22259 3741 16820627 1 1660 540 686
22219 3741 16820637 1 1660 540 697
22145 3730 16820647 1 1660 540 698
22012 3703 16820657 1 1660 540 699
21805 3650 16820667 1 1660 540 700
21513 3567 16820677 1 1660 540 692
21123 3444 16820687 1 1660 540 684
20635 3291 16820697 1 1660 540 674
20072 3109 16820707 1 1660 540 675
19503 2911 16820718 1 1650 550 680
18993 2721 16820728 1 1640 550 667
18579 2540 16820738 1 1640 550 648
18277 2389 16820748 1 1630 550 634
18046 2268 16820758 1 1630 550 618
17865 2179 16820768 1 1630 540 606
17723 2120 16820778 1 1640 520 481
17618 2083 16820788 1 1650 510 433
17561 2065 16820798 1 1660 490 204
17561 2065 16820808 1 1660 480 13
17632 2076 16820818 0 1670 470 0
17775 2128 16820828 0 1670 460 0
17973 2210 16820838 0 1680 450 0
18202 2307 16820848 0 1670 460 0
18426 2403 16820858 0 1670 470 0
18627 2475 16820868 0 1660 490 0
18804 2521 16820878 0 1650 510 0
18960 2549 16820888 0 1640 520 0
19106 2569 16820898 0 1630 540 0
19249 2576 16820908 0 1630 560 0
19383 2594 16820919 0 1640 570 0
19509 2605 16820929 0 1650 580 0
19621 2614 16820939 0 1670 580 0
19711 2614 16820949 0 1670 580 0
19774 2614 16820959 0 1650 580 0
19810 2601 16820969 0 1640 580 0
19818 2582 16820979 0 1630 570 0
19818 2558 16820989 0 1590 570 0
19818 2533 16820999 0 1570 570 0
19810 2511 16821009 0 1540 560 0
19810 2490 16821019 0 1530 560 0
19818 2469 16821029 0 1520 560 0
19826 2444 16821039 0 1520 560 0
19844 2418 16821049 0 1510 560 0
19852 2404 16821057 1 1520 570 70
19886 2386 16821067 1 1540 570 268
19908 2377 16821077 1 1550 580 386
19915 2377 16821087 1 1550 580 550
19923 2386 16821097 1 1570 580 636
19923 2394 16821107 1 1580 580 702
19916 2403 16821117 1 1600 580 768
19907 2413 16821127 1 1600 580 816
19907 2433 16821137 1 1600 580 839
19907 2455 16821147 1 1600 580 842
19907 2493 16821157 1 1600 580 848
19907 2547 16821167 1 1610 570 859
19907 2630 16821177 1 1610 570 846
19917 2745 16821187 1 1610 570 850
19927 2893 16821197 1 1610 570 832
19935 3077 16821207 1 1610 570 811
19943 3286 16821217 1 1610 570 816
19943 3499 16821227 1 1620 560 809
19935 3686 16821237 1 1620 560 820
19925 3833 16821247 1 1620 560 827
19915 3927 16821258 1 1630 550 848
19908 3975 16821268 1 1640 550 847
19908 3997 16821278 1 1640 550 833
19908 3997 16821288 1 1660 540 813
19916 3997 16821298 1 1660 540 790
19946 3970 16821308 1 1660 540 773
20018 3932 16821318 1 1660 540 784
20160 3888 16821328 1 1660 540 752
20374 3851 16821338 1 1660 540 755
20655 3838 16821348 1 1660 540 733
20989 3838 16821358 1 1660 540 716
21332 3862 16821368 1 1660 540 699
21657 3899 16821378 1 1660 540 698
21930 3937 16821388 1 1660 540 698
22123 3971 16821398 1 1660 540 717
22231 3996 16821408 1 1660 540 754
22277 4013 16821418 1 1660 540 784
22284 4025 16821428 1 1660 540 797
22268 4036 16821438 1 1660 530 811
22244 4047 16821448 1 1660 530 815
22184 4047 16821459 1 1660 530 817
22041 4034 16821469 1 1660 530 806
21782 3988 16821479 1 1660 530 815
21376 3903 16821489 1 1660 530 802
20824 3776 16821499 1 1660 530 806
20155 3607 16821509 1 1660 530 785
19434 3403 16821519 1 1660 530 797
18721 3178 16821529 1 1660 530 773
18071 2949 16821539 1 1660 540 764
17542 2749 16821549 1 1640 540 749
17155 2596 16821559 1 1640 540 736
16916 2505 16821569 1 1630 550 722
16806 2480 16821579 1 1610 550 622
16814 2507 16821589 1 1600 540 452
16916 2580 16821599 1 1600 540 254
16991 2625 16821609 0 1580 540 0
17292 2778 16821619 0 1580 540 0
17501 2868 16821629 0 1570 540 0
17680 2941 16821639 0 1570 540 0
17823 2999 16821649 0 1570 540 0
17942 3043 16821660 0 1570 540 0
18052 3072 16821670 0 1570 540 0
18156 3099 16821680 0 1580 530 0
18250 3122 16821690 0 1580 530 0
18329 3148 16821700 0 1570 520 0
18399 3181 16821710 0 1570 520 0
18459 3216 16821720 0 1570 520 0
18517 3250 16821730 0 1580 510 0
18571 3282 16821740 0 1590 510 0
18608 3324 16821753 1 1590 510 393
18628 3365 16821763 1 1600 510 437
18628 3405 16821773 1 1620 520 479
18605 3437 16821783 1 1620 520 503
18572 3444 16821793 1 1610 520 504
18535 3444 16821803 1 1610 520 503
18502 3425 16821813 1 1610 520 497
18479 3401 16821823 1 1610 520 495
18470 3375 16821833 1 1610 520 495
18462 3345 16821843 1 1610 520 499
18438 3311 16821853 1 1610 520 514
18399 3276 16821863 1 1610 520 512
18329 3241 16821873 1 1610 520 516
18237 3214 16821883 1 1610 520 527
18135 3207 16821893 1 1610 520 537
18035 3216 16821903 1 1610 520 554
17951 3245 16821913 1 1610 520 595
17882 3281 16821923 1 1610 520 623
17828 3314 16821933 1 1610 520 626
17786 3336 16821943 1 1610 520 621
17757 3344 16821954 1 1610 520 613
17734 3344 16821964 1 1610 520 602
17718 3326 16821974 1 1610 520 596
17709 3308 16821984 1 1610 520 599
17709 3290 16821994 1 1610 520 604
17709 3282 16822004 1 1610 520 626
17709 3273 16822014 1 1610 520 685
17709 3273 16822024 1 1610 520 726
17701 3282 16822034 1 1610 520 735
17694 3295 16822044 1 1610 520 766
17686 3302 16822054 1 1610 520 761
17678 3313 16822064 1 1610 520 747
17678 3313 16822074 1 1610 520 718
17678 3313 16822084 1 1610 520 692
17701 3288 16822094 1 1610 520 682
17741 3249 16822104 1 1610 520 675
17812 3188 16822114 1 1590 530 676
17922 3105 16822124 1 1590 530 686
18075 2998 16822134 1 1590 530 677
18263 2869 16822144 1 1600 530 664
18464 2718 16822155 1 1600 530 627
18657 2550 16822165 1 1600 540 594
18827 2382 16822175 1 1620 540 547
18959 2231 16822185 1 1620 540 532
19050 2109 16822195 1 1640 520 527
19092 2018 16822205 1 1650 510 531
19075 1952 16822215 1 1670 490 542
19004 1902 16822225 1 1690 480 561
18891 1861 16822235 1 1690 460 583
18742 1828 16822245 1 1700 450 592
18571 1804 16822255 1 1700 440 616
18376 1785 16822265 1 1700 440 643
18179 1777 16822275 1 1710 430 672
18008 1777 16822285 1 1700 440 695
17888 1797 16822295 1 1700 440 701
17838 1831 16822305 1 1700 440 644
17879 1886 16822315 1 1700 440 628
18023 1963 16822325 1 1700 440 586
18273 2065 16822335 1 1690 440 501
18628 2186 16822345 1 1690 440 507
19048 2314 16822356 1 1680 440 500
19484 2440 16822366 1 1690 450 420
19883 2546 16822376 1 1680 470 295
20193 2629 16822386 1 1690 480 128
20393 2687 16822396 1 1680 500 7
20483 2724 16822406 0 1690 510 0
20473 2749 16822416 0 1680 520 0
20382 2766 16822426 0 1690 540 0
20227 2776 16822436 0 1680 550 0
20010 2776 16822446 0 1680 550 0
19758 2776 16822456 0 1680 550 0
19507 2766 16822466 0 1680 550 0
19278 2759 16822476 0 1680 550 0
19090 2759 16822486 0 1680 550 0
18946 2776 16822496 0 1680 550 0
18834 2802 16822506 0 1670 550 0
18745 2839 16822516 0 1670 550 0
18678 2890 16822526 0 1650 550 0
18620 2952 16822536 0 1660 540 0
18572 3026 16822546 0 1660 540 0
18534 3109 16822557 0 1640 540 0
18505 3194 16822567 0 1640 530 0
18480 3275 16822577 0 1640 530 0
18460 3349 16822587 0 1630 520 0
18443 3415 16822597 0 1630 520 0
18434 3472 16822607 0 1620 520 0
18434 3526 16822617 0 1620 510 0
18463 3572 16822627 0 1620 510 0
18502 3611 16822637 0 1620 510 0
18550 3637 16822647 0 1620 510 0
18599 3662 16822654 1 1620 510 370
18630 3687 16822664 1 1620 510 452
18638 3709 16822674 1 1620 510 523
18604 3735 16822684 1 1630 520 544
18524 3744 16822694 1 1630 520 543
18408 3744 16822704 1 1640 520 488
18269 3716 16822714 1 1640 520 233
