246
20815 10286 16799516 1 1600 530 37
20794 10286 16799526 1 1600 540 271
20775 10296 16799536 1 1590 550 380
20759 10307 16799546 1 1580 560 522
20746 10318 16799556 1 1570 570 620
20739 10325 16799566 1 1570 570 695
20739 10325 16799576 1 1570 570 751
20731 10325 16799586 1 1570 570 799
20731 10332 16799596 1 1570 570 825
20721 10332 16799606 1 1570 570 838
20710 10339 16799616 1 1570 570 853
20688 10356 16799626 1 1570 570 853
20664 10380 16799636 1 1570 570 844
20633 10418 16799646 1 1570 570 845
20593 10473 16799656 1 1570 570 834
20543 10545 16799666 1 1570 570 806
20493 10632 16799676 1 1570 570 809
20442 10736 16799686 1 1570 570 793
20395 10844 16799696 1 1570 570 794
20358 10946 16799706 1 1570 570 793
20329 11032 16799717 1 1570 570 794
20320 11088 16799727 1 1570 570 791
20310 11120 16799737 1 1570 570 775
20317 11130 16799747 1 1570 570 751
20355 11138 16799757 1 1570 570 736
20442 11138 16799767 1 1570 570 716
20583 11157 16799777 1 1570 570 681
20787 11176 16799787 1 1580 560 651
21028 11200 16799797 1 1580 560 618
21284 11222 16799807 1 1600 560 594
21535 11242 16799817 1 1600 560 585
21750 11249 16799827 1 1610 570 594
21911 11257 16799837 1 1610 570 601
22007 11257 16799847 1 1610 570 612
22051 11257 16799857 1 1610 570 639
22059 11257 16799867 1 1610 570 667
22046 11250 16799877 1 1610 570 683
22005 11234 16799887 1 1610 570 695
21918 11209 16799897 1 1610 570 693
21755 11161 16799907 1 1610 570 676
21496 11082 16799918 1 1610 570 648
21124 10967 16799928 1 1610 570 591
20631 10805 16799938 1 1610 570 563
20022 10601 16799948 1 1610 570 557
19328 10359 16799958 1 1610 570 542
18580 10086 16799968 1 1590 570 606
17826 9801 16799978 1 1570 570 589
17117 9514 16799988 1 1550 580 643
16501 9260 16799998 1 1540 570 670
16030 9066 16800008 1 1520 570 669
15734 8945 16800018 1 1510 560 644
15612 8900 16800028 1 1490 560 554
15639 8920 16800038 1 1480 560 342
15701 8950 16800048 0 1460 550 0
16030 9089 16800058 0 1460 550 0
16311 9217 16800068 0 1460 550 0
16595 9348 16800078 0 1480 560 0
16861 9477 16800088 0 1480 560 0
17113 9591 16800098 0 1490 560 0
17374 9690 16800108 0 1520 560 0
17652 9775 16800119 0 1530 550 0
17941 9845 16800129 0 1520 540 0
18219 9907 16800139 0 1530 530 0
18476 9958 16800149 0 1530 520 0
18706 10003 16800159 0 1530 510 0
18896 10040 16800169 0 1540 500 0
19040 10067 16800179 0 1550 490 0
19136 10075 16800189 0 1560 500 0
19188 10082 16800199 0 1580 490 0
19214 10073 16800209 0 1610 490 0
19232 10066 16800219 0 1620 510 0
19263 10053 16800229 0 1650 510 0
19314 10042 16800239 0 1660 510 0
19386 10035 16800249 0 1670 520 0
19475 10035 16800259 0 1660 530 0
19564 10028 16800269 0 1660 530 0
19643 10021 16800279 0 1660 540 0
19677 10011 16800287 1 1650 550 116
19732 10001 16800297 1 1640 550 376
19732 9994 16800307 1 1630 560 461
19721 9994 16800317 1 1610 570 591
19699 10001 16800327 1 1600 560 688
19692 10008 16800337 1 1590 570 745
19683 10018 16800347 1 1570 570 783
19683 10029 16800357 1 1570 570 818
19683 10042 16800367 1 1570 570 838
19683 10062 16800377 1 1590 570 832
19676 10095 16800387 1 1590 570 839
19669 10146 16800397 1 1610 570 836
19669 10217 16800407 1 1610 570 829
19662 10318 16800417 1 1610 570 784
19673 10457 16800427 1 1610 570 771
19696 10644 16800437 1 1610 570 754
19732 10876 16800447 1 1590 570 749
19774 11133 16800457 1 1590 570 749
19806 11370 16800467 1 1570 570 771
19819 11569 16800477 1 1580 560 825
19819 11716 16800488 1 1580 560 831
19801 11805 16800498 1 1580 560 855
19782 11857 16800508 1 1590 550 842
19765 11870 16800518 1 1590 550 825
19765 11855 16800528 1 1590 550 811
19765 11799 16800538 1 1590 550 810
19797 11718 16800548 1 1600 540 784
19850 11621 16800558 1 1600 540 763
19943 11532 16800568 1 1600 540 759
20089 11474 16800578 1 1600 540 728
20291 11459 16800588 1 1600 540 687
20543 11459 16800598 1 1600 540 662
20818 11503 16800608 1 1600 540 654
21092 11551 16800618 1 1610 550 649
21347 11599 16800628 1 1610 550 657
21562 11639 16800638 1 1630 550 657
21724 11663 16800648 1 1640 550 654
21832 11670 16800658 1 1650 550 654
21885 11658 16800668 1 1650 550 661
21892 11632 16800678 1 1650 550 676
21844 11591 16800689 1 1650 550 688
21719 11531 16800699 1 1650 550 718
21500 11450 16800709 1 1650 550 738
21159 11341 16800719 1 1650 550 726
20683 11195 16800729 1 1650 560 720
20071 11012 16800739 1 1650 560 728
19338 10790 16800749 1 1630 560 694
18548 10545 16800759 1 1630 560 701
17787 10296 16800769 1 1610 570 713
17146 10071 16800779 1 1600 560 704
16680 9893 16800789 1 1580 560 698
16396 9773 16800799 1 1570 560 655
16263 9710 16800809 1 1550 550 598
16250 9700 16800819 1 1540 550 532
16333 9746 16800829 1 1540 550 362
16483 9826 16800839 1 1530 550 13
16679 9934 16800849 0 1530 550 0
16879 10050 16800859 0 1530 550 0
17053 10160 16800869 0 1530 550 0
17193 10258 16800879 0 1540 550 0
17305 10339 16800890 0 1540 550 0
17399 10408 16800900 0 1560 550 0
17480 10464 16800910 0 1600 540 0
17547 10507 16800920 0 1610 520 0
17604 10544 16800930 0 1620 520 0
17654 10575 16800940 0 1620 510 0
17697 10603 16800950 0 1620 490 0
17735 10629 16800960 0 1610 480 0
17765 10656 16800970 0 1590 480 0
17787 10682 16800980 0 1570 490 0
17803 10718 16800993 1 1540 500 248
17811 10755 16801003 1 1520 510 347
17811 10790 16801013 1 1500 520 462
17811 10819 16801023 1 1510 530 548
17811 10826 16801033 1 1500 550 576
17804 10826 16801043 1 1510 560 577
17804 10826 16801053 1 1510 560 576
17796 10801 16801063 1 1510 560 577
17796 10777 16801073 1 1510 560 579
17787 10746 16801083 1 1510 560 595
17765 10711 16801093 1 1510 560 600
17735 10674 16801103 1 1510 560 602
17681 10631 16801113 1 1510 560 601
17607 10594 16801123 1 1510 560 596
17525 10565 16801133 1 1520 570 597
17440 10555 16801143 1 1530 560 597
17368 10555 16801153 1 1540 560 603
17311 10572 16801163 1 1550 550 613
17266 10592 16801173 1 1550 550 621
17227 10608 16801183 1 1550 550 624
17197 10608 16801194 1 1560 550 621
17173 10608 16801204 1 1550 550 616
17154 10596 16801214 1 1550 550 610
17144 10583 16801224 1 1550 550 609
17137 10576 16801234 1 1540 550 611
17137 10567 16801244 1 1530 560 620
17130 10567 16801254 1 1530 550 641
17119 10567 16801264 1 1540 550 653
17097 10577 16801274 1 1540 550 653
17063 10595 16801284 1 1560 550 665
17020 10617 16801294 1 1560 550 665
16976 10636 16801304 1 1560 550 674
16945 10650 16801314 1 1560 550 665
16936 10650 16801324 1 1540 550 641
16936 10650 16801334 1 1540 550 628
16961 10617 16801344 1 1520 560 621
17009 10566 16801354 1 1510 560 624
17084 10493 16801364 1 1510 560 626
17194 10403 16801374 1 1510 560 631
17336 10301 16801384 1 1510 560 626
17503 10191 16801395 1 1520 560 617
17692 10070 16801405 1 1520 560 607
17887 9941 16801415 1 1530 560 578
18076 9813 16801425 1 1540 550 537
18250 9691 16801435 1 1550 550 499
18385 9585 16801445 1 1550 550 479
18473 9502 16801455 1 1550 550 469
18496 9435 16801465 1 1550 550 481
18470 9384 16801475 1 1550 550 500
18377 9345 16801485 1 1550 550 544
18231 9314 16801495 1 1550 550 581
18040 9286 16801505 1 1550 550 592
17810 9261 16801515 1 1550 550 591
17570 9239 16801525 1 1550 550 629
17356 9230 16801535 1 1550 550 633
17194 9220 16801545 1 1550 550 630
17109 9231 16801555 1 1550 550 621
17115 9268 16801565 1 1550 550 602
17223 9332 16801575 1 1550 550 596
17433 9425 16801585 1 1560 550 561
17754 9551 16801596 1 1550 550 579
18165 9698 16801606 1 1550 550 553
18635 9861 16801616 1 1550 550 553
19134 10032 16801626 1 1570 560 570
19599 10188 16801636 1 1570 560 577
19984 10318 16801646 1 1580 560 558
20250 10416 16801656 1 1580 560 555
20387 10477 16801666 1 1600 560 443
20414 10508 16801676 1 1600 560 113
20354 10508 16801686 0 1620 560 0
20211 10508 16801696 0 1620 560 0
19997 10498 16801706 0 1620 560 0
19731 10498 16801716 0 1630 550 0
19450 10498 16801726 0 1630 540 0
19177 10508 16801736 0 1640 530 0
18930 10518 16801746 0 1650 510 0
18709 10518 16801756 0 1660 490 0
18517 10518 16801766 0 1660 470 0
18351 10518 16801776 0 1660 450 0
18211 10528 16801786 0 1660 420 0
18098 10561 16801797 0 1650 400 0
18006 10616 16801807 0 1640 400 0
17936 10688 16801817 0 1620 400 0
17885 10775 16801827 0 1600 400 0
17846 10866 16801837 0 1570 430 0
17817 10954 16801847 0 1540 440 0
17794 11027 16801857 0 1510 460 0
17787 11085 16801867 0 1480 470 0
17779 11125 16801877 0 1450 500 0
17789 11152 16801887 0 1430 510 0
17811 11171 16801897 0 1430 520 0
17836 11184 16801907 0 1430 520 0
17857 11206 16801914 1 1450 530 469
17857 11230 16801924 1 1460 530 497
17838 11259 16801934 1 1490 530 587
17792 11291 16801944 1 1510 530 634
17721 11300 16801954 1 1520 540 634
17631 11300 16801964 1 1530 540 567
17511 11257 16801974 1 1560 530 331
