231
20814 6492 16810336 1 1610 620 273
20822 6492 16810346 1 1610 620 361
20822 6492 16810356 1 1610 620 451
20822 6501 16810366 1 1610 620 564
20814 6501 16810376 1 1610 620 631
20814 6501 16810386 1 1610 620 672
20814 6509 16810396 1 1620 610 702
20814 6517 16810406 1 1620 610 725
20814 6517 16810416 1 1620 610 736
20805 6535 16810426 1 1620 610 739
20789 6561 16810436 1 1620 610 737
20773 6602 16810446 1 1620 610 760
20755 6665 16810456 1 1620 610 759
20735 6752 16810466 1 1620 610 768
20711 6859 16810476 1 1620 600 768
20681 6985 16810486 1 1620 600 750
20651 7123 16810496 1 1630 590 753
20623 7247 16810506 1 1640 580 759
20603 7351 16810516 1 1640 570 750
20594 7425 16810526 1 1640 570 747
20594 7464 16810537 1 1650 560 720
20594 7475 16810547 1 1650 560 675
20631 7475 16810557 1 1650 550 649
20705 7459 16810567 1 1650 550 632
20837 7440 16810577 1 1650 550 586
21026 7430 16810587 1 1650 550 564
21260 7430 16810597 1 1660 540 532
21504 7439 16810607 1 1660 540 514
21728 7454 16810617 1 1660 540 529
21905 7461 16810627 1 1670 540 546
22025 7473 16810637 1 1670 540 581
22089 7481 16810647 1 1690 540 620
22103 7481 16810657 1 1690 540 641
22083 7481 16810667 1 1690 540 648
22015 7466 16810677 1 1690 540 643
21880 7436 16810687 1 1690 540 641
21656 7381 16810697 1 1690 540 619
21322 7293 16810707 1 1690 540 587
20863 7165 16810717 1 1680 550 571
20276 6986 16810727 1 1680 550 525
19580 6760 16810738 1 1670 550 542
18818 6501 16810748 1 1650 550 576
18086 6236 16810758 1 1630 560 593
17485 6002 16810768 1 1630 560 577
17070 5833 16810778 1 1620 560 560
16863 5735 16810788 1 1600 550 461
16825 5714 16810798 1 1590 550 273
16910 5747 16810808 1 1590 550 25
17094 5820 16810818 0 1580 550 0
17328 5920 16810828 0 1580 550 0
17574 6026 16810838 0 1580 540 0
17808 6127 16810848 0 1580 540 0
18025 6216 16810858 0 1590 530 0
18245 6294 16810868 0 1600 510 0
18475 6359 16810878 0 1610 490 0
18707 6415 16810888 0 1630 470 0
18936 6453 16810898 0 1650 440 0
19147 6474 16810908 0 1670 410 0
19340 6481 16810918 0 1690 390 0
19501 6481 16810928 0 1720 360 0
19623 6464 16810939 0 1740 340 0
19697 6442 16810949 0 1750 340 0
19731 6409 16810959 0 1750 330 0
19738 6369 16810969 0 1740 340 0
19729 6323 16810979 0 1720 360 0
19719 6272 16810989 0 1700 380 0
19719 6222 16810999 0 1670 390 0
19719 6196 16811012 1 1640 420 218
19729 6142 16811022 1 1610 430 471
19737 6117 16811032 1 1590 460 497
19745 6110 16811042 1 1590 480 579
19745 6110 16811052 1 1590 500 639
19752 6103 16811062 1 1600 520 671
19759 6103 16811072 1 1600 530 716
19759 6110 16811082 1 1610 550 761
19766 6125 16811092 1 1630 550 793
19773 6158 16811102 1 1630 550 794
19782 6214 16811112 1 1630 550 796
19795 6301 16811122 1 1630 550 809
19818 6426 16811132 1 1630 550 804
19835 6593 16811142 1 1630 550 775
19857 6809 16811152 1 1630 550 760
19881 7065 16811162 1 1630 550 740
19903 7354 16811172 1 1630 550 751
19914 7658 16811182 1 1630 550 790
19914 7920 16811192 1 1630 540 780
19896 8119 16811202 1 1630 540 807
19879 8243 16811213 1 1640 540 808
19871 8290 16811223 1 1650 530 795
19871 8298 16811233 1 1660 530 779
19886 8285 16811243 1 1660 530 766
19923 8232 16811253 1 1670 520 760
20001 8149 16811263 1 1670 520 754
20134 8046 16811273 1 1670 520 735
20321 7935 16811283 1 1670 520 700
20556 7840 16811293 1 1670 520 620
20829 7775 16811303 1 1680 520 563
21126 7740 16811313 1 1680 530 504
21429 7740 16811323 1 1690 530 470
21708 7761 16811333 1 1700 540 474
21932 7795 16811343 1 1700 540 512
22086 7830 16811353 1 1720 540 590
22171 7855 16811363 1 1720 540 646
22203 7871 16811373 1 1720 540 669
22193 7871 16811383 1 1730 540 678
22136 7862 16811393 1 1730 540 679
22025 7833 16811403 1 1750 540 687
21841 7784 16811414 1 1750 540 674
21570 7708 16811424 1 1750 540 669
21197 7602 16811434 1 1730 540 661
20707 7463 16811444 1 1730 540 639
20112 7281 16811454 1 1720 540 646
19465 7071 16811464 1 1720 540 674
18836 6850 16811474 1 1700 550 670
18283 6646 16811484 1 1690 540 668
17840 6480 16811494 1 1670 540 669
17500 6362 16811504 1 1660 540 672
17258 6296 16811514 1 1640 540 648
17112 6273 16811524 1 1640 540 548
17050 6284 16811534 1 1630 540 342
17065 6321 16811544 1 1630 540 15
17136 6378 16811554 0 1630 540 0
17246 6451 16811564 0 1630 540 0
17382 6536 16811574 0 1640 530 0
17537 6623 16811584 0 1630 540 0
17702 6713 16811594 0 1630 540 0
17876 6800 16811604 0 1620 540 0
18052 6884 16811615 0 1610 550 0
18217 6959 16811625 0 1600 540 0
18358 7021 16811635 0 1580 540 0
18472 7067 16811645 0 1580 540 0
18561 7100 16811655 0 1570 540 0
18629 7122 16811665 0 1580 530 0
18677 7136 16811675 0 1590 530 0
18703 7160 16811678 1 1590 530 489
18710 7167 16811688 1 1610 520 503
18710 7186 16811698 1 1620 530 550
18693 7194 16811708 1 1620 530 558
18678 7186 16811718 1 1640 530 552
18669 7170 16811728 1 1640 530 548
18653 7146 16811738 1 1640 530 548
18635 7115 16811748 1 1640 530 540
18609 7082 16811758 1 1640 530 529
18567 7050 16811768 1 1640 530 519
18503 7017 16811778 1 1640 530 498
18420 6990 16811788 1 1640 530 481
18328 6971 16811798 1 1640 530 477
18242 6971 16811808 1 1640 530 486
18175 6984 16811818 1 1640 530 522
18131 7010 16811828 1 1640 530 562
18105 7035 16811838 1 1640 530 597
18097 7053 16811848 1 1640 530 599
18089 7053 16811858 1 1640 530 592
18089 7053 16811868 1 1640 530 585
18089 7036 16811879 1 1640 530 582
18080 7004 16811889 1 1640 530 585
18071 6964 16811899 1 1620 530 587
18054 6925 16811909 1 1620 530 589
18034 6892 16811919 1 1610 520 592
18005 6872 16811929 1 1610 520 595
17961 6865 16811939 1 1600 530 597
17901 6865 16811949 1 1600 530 602
17835 6881 16811959 1 1600 530 615
17774 6906 16811969 1 1600 530 661
17723 6937 16811979 1 1600 530 677
17684 6965 16811989 1 1600 530 695
17659 6986 16811999 1 1600 530 691
17651 6993 16812009 1 1590 530 658
17651 6985 16812019 1 1590 530 631
17672 6955 16812029 1 1580 530 622
17719 6902 16812039 1 1580 530 631
17800 6830 16812049 1 1580 530 632
17917 6746 16812059 1 1580 530 648
18060 6651 16812069 1 1590 530 637
18227 6556 16812080 1 1580 540 638
18399 6451 16812090 1 1600 540 624
18569 6334 16812100 1 1610 550 600
18726 6211 16812110 1 1610 550 562
18858 6081 16812120 1 1630 540 519
18956 5954 16812130 1 1630 540 492
19011 5840 16812140 1 1640 540 473
19011 5742 16812150 1 1640 540 480
18952 5667 16812160 1 1660 540 518
18839 5617 16812170 1 1660 530 555
18681 5596 16812180 1 1660 530 618
18498 5596 16812190 1 1660 530 639
18312 5636 16812200 1 1660 530 655
18138 5688 16812210 1 1660 530 653
17997 5748 16812220 1 1660 530 653
17902 5808 16812230 1 1660 530 661
17860 5862 16812240 1 1650 530 644
17900 5922 16812250 1 1650 530 618
18039 5992 16812260 1 1640 530 623
18284 6083 16812270 1 1640 530 631
18643 6202 16812281 1 1640 530 663
19084 6341 16812291 1 1650 530 656
19565 6499 16812301 1 1650 530 637
20030 6659 16812311 1 1660 530 649
20418 6797 16812321 1 1680 530 620
20694 6902 16812331 1 1680 530 517
20851 6966 16812341 1 1690 530 344
20886 6984 16812351 0 1700 540 0
20848 7013 16812361 0 1700 540 0
20713 7024 16812371 0 1720 540 0
20492 7036 16812381 0 1720 540 0
20197 7045 16812391 0 1700 540 0
19858 7045 16812401 0 1700 540 0
19525 7028 16812411 0 1690 530 0
19240 7011 16812421 0 1690 530 0
19030 7004 16812431 0 1690 530 0
18901 7004 16812441 0 1690 530 0
18827 7025 16812451 0 1690 530 0
18784 7059 16812461 0 1680 520 0
18764 7102 16812471 0 1680 520 0
18748 7152 16812482 0 1680 520 0
18741 7205 16812492 0 1680 520 0
18732 7262 16812502 0 1670 520 0
18724 7323 16812512 0 1660 510 0
18724 7386 16812522 0 1660 510 0
18732 7449 16812532 0 1650 500 0
18753 7500 16812542 0 1650 500 0
18767 7541 16812552 0 1650 500 0
18781 7574 16812562 0 1660 490 0
18790 7612 16812570 1 1650 500 384
18790 7649 16812580 1 1650 500 484
18790 7686 16812590 1 1650 500 575
18790 7719 16812600 1 1650 500 629
18783 7727 16812610 1 1650 510 621
18747 7727 16812620 1 1650 510 583
18669 7690 16812630 1 1650 510 516
18544 7617 16812640 1 1650 510 173
