254
9054 2891 72959815 1 1970 570 307
9063 2949 72959825 1 1960 570 424
9071 3002 72959835 1 1940 560 532
9071 3042 72959845 1 1940 560 586
9071 3055 72959855 1 1920 560 587
9071 3054 72959865 1 1900 560 593
9064 3007 72959875 1 1900 560 616
9052 2916 72959885 1 1890 560 625
9036 2781 72959895 1 1890 560 623
9009 2610 72959905 1 1890 560 627
8976 2426 72959915 1 1890 560 626
8936 2247 72959925 1 1890 550 629
8892 2090 72959935 1 1880 540 622
8849 1961 72959945 1 1880 530 601
8807 1869 72959955 1 1870 510 560
8771 1815 72959965 1 1870 500 550
8737 1800 72959975 1 1870 490 577
8701 1807 72959985 1 1860 470 575
8664 1849 72959995 1 1860 460 571
8617 1915 72960005 1 1850 450 570
8558 2004 72960016 1 1850 440 582
8487 2108 72960026 1 1840 440 565
8405 2211 72960036 1 1840 440 560
8324 2295 72960046 1 1840 450 576
8254 2355 72960056 1 1840 460 572
8202 2379 72960066 1 1840 480 567
8166 2372 72960076 1 1850 500 547
8140 2342 72960086 1 1850 510 467
8123 2291 72960096 1 1850 520 259
8123 2260 72960106 0 1850 530 0
8126 2161 72960116 0 1850 520 0
8156 2106 72960126 0 1850 510 0
8204 2068 72960136 0 1850 500 0
8281 2047 72960146 0 1840 480 0
8387 2038 72960156 0 1840 460 0
8524 2038 72960166 0 1840 450 0
8681 2028 72960176 0 1840 440 0
8838 2006 72960186 0 1840 440 0
8979 1985 72960196 0 1850 440 0
9040 1975 72960211 1 1850 450 257
9170 1961 72960221 1 1860 450 337
9219 1954 72960231 1 1870 450 396
9242 1954 72960241 1 1870 450 409
9242 1961 72960251 1 1880 450 363
9252 1976 72960261 1 1880 460 129
9277 1998 72960271 0 1880 460 0
9317 2034 72960281 0 1880 460 0
9381 2090 72960291 0 1870 460 0
9471 2173 72960301 0 1870 460 0
9583 2287 72960311 0 1860 460 0
9706 2427 72960321 0 1860 470 0
9824 2574 72960331 0 1860 480 0
9924 2713 72960341 0 1860 490 0
10001 2829 72960351 0 1850 500 0
10029 2877 72960361 1 1850 520 265
10087 2981 72960371 1 1850 530 394
10107 3014 72960381 1 1860 550 469
10114 3014 72960391 1 1870 560 513
10114 2979 72960401 1 1870 560 552
10091 2897 72960411 1 1890 570 588
10066 2773 72960421 1 1890 560 605
10034 2617 72960431 1 1890 560 603
10002 2448 72960441 1 1890 560 598
9981 2291 72960451 1 1890 560 541
9972 2158 72960461 1 1890 550 462
9972 2059 72960471 1 1880 540 302
9987 2000 72960481 1 1880 520 108
10001 1985 72960491 0 1870 510 0
10073 1997 72960501 0 1870 490 0
10141 2052 72960511 0 1860 470 0
10217 2143 72960521 0 1860 450 0
10286 2267 72960531 0 1860 450 0
10342 2417 72960541 0 1860 450 0
10384 2578 72960551 0 1860 470 0
10400 2656 72960561 1 1870 490 60
10436 2855 72960571 1 1870 500 243
10456 2944 72960581 1 1880 520 380
10475 2995 72960591 1 1880 530 460
10492 3008 72960601 1 1890 550 494
10507 2991 72960611 1 1890 560 529
10514 2922 72960621 1 1890 560 572
10524 2810 72960631 1 1890 570 600
10524 2660 72960641 1 1890 560 604
10513 2491 72960651 1 1890 560 601
10492 2326 72960661 1 1890 550 593
10470 2181 72960671 1 1880 540 531
10450 2070 72960681 1 1880 530 481
10439 1997 72960691 1 1880 520 379
10439 1960 72960701 1 1870 500 340
10432 1960 72960711 1 1870 490 333
10432 1977 72960721 1 1860 470 351
10424 2021 72960731 1 1860 460 373
10405 2095 72960741 1 1860 450 414
10365 2200 72960751 1 1860 450 424
10305 2323 72960762 1 1860 450 442
10228 2442 72960772 1 1860 460 462
10142 2533 72960782 1 1870 480 497
10075 2581 72960792 1 1870 500 515
10032 2589 72960802 1 1870 510 519
10012 2563 72960812 1 1880 530 532
10020 2514 72960822 1 1890 550 529
10052 2440 72960832 1 1890 560 540
10117 2348 72960842 1 1890 570 533
10216 2254 72960852 1 1890 560 527
10345 2171 72960862 1 1890 550 525
10490 2112 72960872 1 1880 530 501
10642 2081 72960882 1 1870 510 500
10797 2081 72960892 1 1870 490 469
10948 2092 72960902 1 1870 480 461
11084 2127 72960912 1 1860 460 454
11196 2176 72960922 1 1860 450 449
11276 2233 72960932 1 1870 440 453
11318 2294 72960942 1 1870 440 453
11328 2349 72960952 1 1880 450 467
11302 2398 72960963 1 1880 460 468
11251 2434 72960973 1 1900 480 481
11185 2445 72960983 1 1910 500 497
11114 2452 72960993 1 1930 510 523
11051 2417 72961003 1 1920 530 526
11005 2367 72961013 1 1930 550 528
10981 2305 72961023 1 1920 550 521
10981 2235 72961033 1 1920 550 524
10991 2169 72961043 1 1910 540 517
11017 2116 72961053 1 1910 530 503
11049 2078 72961063 1 1900 510 503
11088 2067 72961073 1 1890 490 495
11135 2060 72961083 1 1890 470 488
11187 2081 72961093 1 1880 450 489
11240 2117 72961103 1 1880 440 489
11289 2166 72961113 1 1880 440 488
11323 2230 72961123 1 1880 440 495
11340 2299 72961133 1 1880 450 519
11340 2365 72961143 1 1880 460 527
11331 2418 72961153 1 1900 480 556
11319 2450 72961164 1 1910 500 573
11310 2457 72961174 1 1930 510 570
11310 2448 72961184 1 1940 530 562
11310 2413 72961194 1 1950 550 566
11322 2357 72961204 1 1950 560 581
11340 2283 72961214 1 1950 560 578
11367 2200 72961224 1 1950 560 583
11401 2124 72961234 1 1940 540 578
11439 2064 72961244 1 1920 520 567
11482 2022 72961254 1 1910 500 551
11536 1998 72961264 1 1890 490 526
11598 1998 72961274 1 1890 480 499
11671 2007 72961284 1 1890 470 460
11751 2034 72961294 1 1880 460 436
11832 2075 72961304 1 1870 450 411
11908 2127 72961314 1 1870 450 396
11976 2182 72961324 1 1870 450 390
12026 2229 72961334 1 1870 450 410
12061 2261 72961344 1 1870 440 430
12083 2270 72961354 1 1870 440 451
12098 2261 72961365 1 1870 430 459
12109 2231 72961375 1 1870 430 458
12116 2186 72961385 1 1870 430 477
12116 2134 72961395 1 1870 420 481
12116 2083 72961405 1 1870 430 481
12116 2039 72961415 1 1870 430 483
12108 2008 72961425 1 1870 430 486
12108 1991 72961435 1 1880 440 491
12101 1991 72961445 1 1880 440 490
12101 2003 72961455 1 1880 440 464
12112 2031 72961465 1 1880 440 450
12127 2067 72961475 1 1880 440 437
12153 2114 72961485 1 1880 440 404
12192 2166 72961495 1 1880 440 380
12238 2217 72961505 1 1880 440 385
12291 2260 72961515 1 1880 440 398
12346 2286 72961525 1 1880 440 433
12401 2286 72961535 1 1890 440 451
12451 2275 72961545 1 1890 440 462
12493 2240 72961555 1 1890 430 480
12525 2191 72961566 1 1890 430 495
12544 2139 72961576 1 1890 430 495
12551 2089 72961586 1 1890 430 500
12551 2052 72961596 1 1900 440 502
12543 2027 72961606 1 1900 440 501
12536 2019 72961616 1 1900 440 499
12536 2012 72961626 1 1900 440 502
12536 2020 72961636 1 1900 450 503
12536 2039 72961646 1 1900 450 468
12547 2068 72961656 1 1900 450 458
12568 2112 72961666 1 1900 450 428
12599 2168 72961676 1 1900 450 391
12635 2229 72961686 1 1900 450 390
12681 2287 72961696 1 1900 460 392
12731 2329 72961706 1 1910 460 421
12780 2351 72961716 1 1910 480 465
12829 2351 72961726 1 1920 490 473
12879 2334 72961736 1 1930 510 489
12926 2294 72961746 1 1930 520 503
12977 2235 72961756 1 1930 520 525
13025 2168 72961767 1 1930 520 526
13072 2101 72961777 1 1930 510 533
13114 2044 72961787 1 1920 500 540
13154 2003 72961797 1 1910 480 538
13191 1977 72961807 1 1920 470 539
13228 1970 72961817 1 1920 460 538
13268 1970 72961827 1 1920 450 526
13314 1994 72961837 1 1920 440 510
13366 2028 72961847 1 1920 440 498
13422 2074 72961857 1 1920 440 467
13471 2133 72961867 1 1920 440 462
13505 2196 72961877 1 1920 450 461
13514 2256 72961887 1 1930 450 475
13514 2305 72961897 1 1940 460 485
13482 2332 72961907 1 1950 470 509
13450 2340 72961917 1 1970 490 512
13417 2329 72961927 1 1970 500 512
13393 2297 72961937 1 1980 510 512
13385 2248 72961947 1 1960 510 510
13375 2187 72961957 1 1960 510 515
13388 2123 72961968 1 1950 510 514
13410 2067 72961978 1 1950 500 518
13445 2025 72961988 1 1940 480 527
13494 2002 72961998 1 1930 470 529
13558 1994 72962008 1 1920 450 532
13634 2001 72962018 1 1920 450 523
13718 2022 72962028 1 1920 440 512
13804 2050 72962038 1 1920 440 504
13885 2087 72962048 1 1920 440 496
13961 2131 72962058 1 1920 440 491
14028 2172 72962068 1 1910 440 490
14085 2205 72962078 1 1910 440 500
14133 2216 72962088 1 1910 440 531
14173 2216 72962098 1 1910 440 546
14208 2187 72962108 1 1910 440 572
14241 2148 72962118 1 1920 430 582
14270 2100 72962128 1 1920 430 595
14297 2050 72962138 1 1920 440 595
14314 2009 72962148 1 1920 440 582
14322 1975 72962158 1 1920 440 550
14313 1955 72962169 1 1930 440 474
14280 1955 72962179 1 1930 450 310
14252 1955 72962189 0 1940 450 0
14128 1988 72962199 0 1940 450 0
14021 2035 72962209 0 1930 450 0
13899 2118 72962219 0 1930 450 0
13766 2243 72962229 0 1930 460 0
13620 2404 72962239 0 1930 460 0
13454 2575 72962249 0 1940 480 0
13280 2725 72962259 0 1940 490 0
13112 2833 72962269 0 1950 500 0
12968 2892 72962279 0 1950 510 0
12860 2913 72962289 0 1960 530 0
12796 2922 72962289 1 1970 540 524
12759 2922 72962299 1 1970 550 721
12750 2934 72962309 1 1970 550 806
12743 2944 72962319 1 1970 550 802
12743 2957 72962329 1 1960 550 754
12743 2964 72962339 1 1940 540 621
12743 2964 72962349 1 1940 540 159
