274
26435 14498 73966878 1 1780 480 124
26488 14604 73966888 1 1780 480 334
26532 14678 73966898 1 1780 490 460
26565 14748 73966908 1 1790 490 586
26588 14803 73966918 1 1790 500 667
26588 14830 73966928 1 1800 510 672
26588 14830 73966938 1 1800 520 666
26571 14792 73966948 1 1800 530 673
26545 14717 73966958 1 1800 530 671
26511 14596 73966968 1 1800 540 686
26468 14438 73966978 1 1800 540 684
26416 14265 73966988 1 1800 540 690
26368 14080 73966998 1 1800 540 688
26318 13907 73967008 1 1800 540 684
26270 13758 73967018 1 1800 530 671
26239 13632 73967028 1 1800 530 640
26206 13547 73967038 1 1790 530 623
26177 13499 73967048 1 1790 520 629
26147 13489 73967058 1 1770 520 633
26103 13519 73967068 1 1770 520 631
26047 13585 73967079 1 1770 520 634
25978 13683 73967089 1 1770 520 637
25892 13805 73967099 1 1770 520 645
25799 13932 73967109 1 1770 520 638
25709 14044 73967119 1 1770 520 643
25632 14125 73967129 1 1770 520 655
25575 14169 73967139 1 1770 520 643
25532 14177 73967149 1 1770 520 599
25501 14154 73967159 1 1770 520 494
25479 14108 73967169 1 1770 520 233
25479 14076 73967179 0 1780 510 0
25523 13960 73967189 0 1780 510 0
25594 13886 73967199 0 1780 510 0
25689 13825 73967209 0 1780 510 0
25797 13782 73967219 0 1790 510 0
25922 13746 73967229 0 1790 510 0
26070 13710 73967239 0 1800 510 0
26244 13673 73967249 0 1800 510 0
26423 13634 73967259 0 1800 510 0
26592 13596 73967269 0 1800 510 0
26740 13570 73967284 1 1800 510 445
26852 13562 73967294 1 1800 510 469
26929 13562 73967304 1 1800 510 530
26969 13582 73967314 1 1800 520 571
26977 13607 73967324 1 1800 520 508
26969 13635 73967334 1 1800 520 283
26961 13676 73967344 1 1800 520 55
26968 13730 73967354 0 1800 530 0
26994 13802 73967364 0 1800 530 0
27041 13900 73967374 0 1800 530 0
27105 14027 73967384 0 1800 530 0
27171 14176 73967394 0 1800 530 0
27228 14329 73967404 0 1800 530 0
27276 14471 73967414 0 1800 520 0
27316 14584 73967424 0 1800 520 0
27358 14671 73967434 1 1800 520 423
27388 14734 73967444 1 1800 520 561
27405 14767 73967454 1 1800 520 611
27405 14774 73967464 1 1800 520 623
27398 14741 73967474 1 1800 520 676
27387 14655 73967484 1 1800 530 687
27375 14527 73967494 1 1800 530 702
27362 14365 73967504 1 1800 530 712
27345 14187 73967514 1 1800 530 698
27328 14017 73967524 1 1800 530 662
27320 13866 73967534 1 1800 530 589
27312 13739 73967544 1 1800 530 402
27305 13647 73967554 1 1800 530 113
27315 13591 73967564 0 1800 520 0
27340 13579 73967574 0 1800 520 0
27384 13615 73967584 0 1800 520 0
27456 13695 73967594 0 1800 520 0
27551 13821 73967604 0 1800 520 0
27656 13983 73967614 0 1810 520 0
27758 14164 73967624 0 1830 520 0
27843 14345 73967635 0 1840 520 0
27912 14499 73967645 0 1840 520 0
27975 14613 73967654 1 1850 520 422
28030 14687 73967664 1 1850 510 531
28066 14717 73967674 1 1850 510 563
28077 14717 73967684 1 1850 510 581
28085 14671 73967694 1 1850 510 630
28057 14574 73967704 1 1850 510 683
28035 14437 73967714 1 1850 520 705
28002 14265 73967724 1 1850 520 716
27962 14080 73967734 1 1850 520 720
27925 13908 73967744 1 1850 520 712
27892 13760 73967754 1 1850 520 673
27868 13649 73967764 1 1850 520 606
27858 13575 73967774 1 1850 520 548
27846 13539 73967784 1 1850 520 576
27838 13539 73967794 1 1850 520 591
27838 13572 73967804 1 1850 520 596
27838 13636 73967814 1 1850 520 612
27831 13738 73967824 1 1850 520 606
27797 13868 73967834 1 1850 520 605
27731 14004 73967844 1 1840 520 616
27642 14124 73967855 1 1840 520 646
27552 14205 73967865 1 1830 520 674
27479 14244 73967875 1 1810 520 662
27438 14244 73967885 1 1810 520 649
27427 14221 73967895 1 1800 520 638
27438 14168 73967905 1 1800 520 641
27488 14091 73967915 1 1800 520 630
27584 13994 73967925 1 1800 520 604
27725 13894 73967935 1 1800 520 567
27892 13811 73967945 1 1800 520 519
28073 13749 73967955 1 1800 530 456
28250 13718 73967965 1 1810 530 420
28417 13718 73967975 1 1830 530 383
28570 13737 73967985 1 1850 530 379
28700 13780 73967995 1 1880 530 404
28800 13841 73968005 1 1910 530 470
28864 13912 73968015 1 1920 530 507
28888 13984 73968025 1 1950 530 552
28873 14048 73968035 1 1960 530 577
28819 14096 73968045 1 1990 520 600
28741 14123 73968056 1 1990 520 627
28652 14123 73968066 1 1990 520 647
28569 14098 73968076 1 1990 520 641
28503 14051 73968086 1 1990 520 634
28458 13982 73968096 1 1980 530 634
28445 13904 73968106 1 1960 530 636
28445 13826 73968116 1 1960 520 640
28461 13760 73968126 1 1940 520 628
28486 13716 73968136 1 1930 520 626
28525 13698 73968146 1 1930 520 634
28585 13698 73968156 1 1930 520 632
28665 13719 73968166 1 1930 520 632
28760 13755 73968176 1 1940 520 633
28853 13805 73968186 1 1950 530 647
28932 13870 73968196 1 1960 530 669
28988 13943 73968206 1 1980 530 683
29017 14013 73968216 1 1980 530 707
29017 14073 73968226 1 1990 520 730
29008 14110 73968236 1 1990 520 729
28988 14119 73968246 1 1990 520 715
28969 14108 73968257 1 1990 520 705
28954 14070 73968267 1 1990 520 707
28947 14006 73968277 1 1990 520 714
28947 13925 73968287 1 1990 520 710
28947 13837 73968297 1 1990 520 710
28976 13750 73968307 1 1980 520 697
29000 13686 73968317 1 1980 520 658
29034 13640 73968327 1 2000 510 676
29086 13612 73968337 1 2000 510 682
29141 13612 73968347 1 2010 510 679
29214 13621 73968357 1 2010 510 680
29292 13653 73968367 1 2020 520 673
29368 13705 73968377 1 2020 520 667
29448 13771 73968387 1 2020 520 655
29511 13841 73968397 1 2000 520 716
29549 13896 73968407 1 2000 520 713
29561 13931 73968417 1 1990 520 723
29568 13938 73968427 1 1990 520 710
29560 13925 73968437 1 1990 520 679
29560 13894 73968447 1 1990 520 679
29560 13842 73968458 1 1990 520 686
29560 13779 73968468 1 1990 520 680
29569 13709 73968478 1 1990 520 676
29577 13648 73968488 1 1990 520 641
29577 13606 73968498 1 1990 520 621
29577 13581 73968508 1 1990 520 627
29577 13581 73968518 1 1990 520 644
29577 13588 73968528 1 1990 520 628
29577 13620 73968538 1 1990 520 611
29577 13669 73968548 1 1990 520 613
29591 13737 73968558 1 1980 530 591
29618 13818 73968568 1 1980 540 585
29659 13903 73968578 1 1970 540 573
29710 13977 73968588 1 1970 540 590
29766 14030 73968598 1 1970 540 612
29821 14053 73968608 1 1960 540 618
29876 14046 73968618 1 1960 540 624
29931 14015 73968628 1 1940 540 624
29974 13967 73968638 1 1940 540 620
30010 13903 73968648 1 1930 540 629
30040 13829 73968659 1 1910 540 636
30048 13760 73968669 1 1910 540 625
30057 13699 73968679 1 1910 540 609
30065 13654 73968689 1 1910 540 611
30055 13629 73968699 1 1910 540 605
30055 13622 73968709 1 1900 550 619
30055 13622 73968719 1 1900 550 592
30055 13647 73968729 1 1890 550 591
30055 13684 73968739 1 1890 550 589
30078 13741 73968749 1 1890 550 560
30113 13812 73968759 1 1890 550 554
30156 13891 73968769 1 1890 560 546
30204 13966 73968779 1 1890 560 546
30252 14021 73968789 1 1900 560 571
30297 14047 73968799 1 1900 560 592
30348 14047 73968809 1 1920 550 599
30397 14011 73968819 1 1920 550 604
30440 13958 73968829 1 1930 550 613
30471 13890 73968839 1 1950 550 616
30493 13816 73968849 1 1960 550 605
30512 13738 73968860 1 1970 550 620
30540 13664 73968870 1 1990 550 619
30578 13600 73968880 1 1990 550 620
30629 13547 73968890 1 2000 540 620
30690 13513 73968900 1 2000 540 612
30763 13504 73968910 1 2010 530 606
30848 13504 73968920 1 2010 530 600
30939 13536 73968930 1 2020 530 598
31035 13582 73968940 1 2030 540 603
31123 13644 73968950 1 2040 530 614
31192 13721 73968960 1 2040 530 624
31229 13803 73968970 1 2060 530 650
31236 13878 73968980 1 2070 540 655
31207 13938 73968990 1 2070 540 677
31164 13973 73969000 1 2080 540 669
31118 13982 73969010 1 2080 540 658
31078 13969 73969020 1 2080 540 646
31050 13929 73969030 1 2070 540 626
31037 13866 73969040 1 2070 540 624
31030 13790 73969050 1 2070 540 623
31043 13706 73969061 1 2070 540 625
31061 13628 73969071 1 2070 540 622
31085 13562 73969081 1 2060 530 627
31110 13516 73969091 1 2060 530 628
31135 13491 73969101 1 2070 530 640
31164 13491 73969111 1 2070 530 645
31203 13491 73969121 1 2080 530 631
31254 13524 73969131 1 2070 530 638
31324 13566 73969141 1 2070 530 621
31361 13591 73969146 1 2070 530 621
31397 13618 73969151 1 2060 530 629
31427 13644 73969156 1 2060 530 627
31453 13669 73969161 1 2060 530 625
31472 13692 73969166 1 2060 530 628
31486 13712 73969171 1 2050 540 636
31494 13727 73969176 1 2050 540 638
31494 13735 73969181 1 2050 540 642
31494 13735 73969186 1 2050 540 651
31494 13735 73969191 1 2040 550 653
31494 13735 73969196 1 2040 550 659
31494 13718 73969201 1 2020 550 656
31494 13704 73969206 1 2020 550 654
31494 13686 73969211 1 2010 550 667
31494 13664 73969216 1 2010 550 672
31494 13642 73969221 1 2000 550 670
31494 13617 73969226 1 2000 550 672
31494 13590 73969231 1 2000 550 695
31494 13565 73969236 1 1980 560 701
31494 13540 73969241 1 1980 560 699
31494 13515 73969246 1 1980 560 698
31494 13493 73969251 1 1980 560 700
31494 13475 73969257 1 1980 560 700
31494 13460 73969262 1 1980 560 697
31494 13448 73969267 1 1980 560 678
31494 13441 73969272 1 1980 560 645
31494 13441 73969277 1 1980 560 591
31494 13441 73969282 1 1980 560 480
31494 13448 73969287 1 1980 560 327
31494 13459 73969292 1 1980 560 108
31458 13495 73969302 0 1970 550 0
31403 13559 73969312 0 1990 550 0
31324 13662 73969322 0 2000 540 0
31229 13813 73969332 0 2020 540 0
31138 14008 73969342 0 2020 540 0
31035 14216 73969352 0 2020 530 0
30928 14400 73969362 0 2000 520 0
30823 14527 73969372 0 1990 500 0
30739 14583 73969382 0 1970 500 0
30709 14583 73969382 1 1950 490 587
30685 14561 73969392 1 1940 490 686
30685 14545 73969402 1 1940 490 794
30693 14538 73969412 1 1940 490 870
30693 14538 73969422 1 1950 500 890
30693 14547 73969432 1 1950 510 881
30702 14539 73969442 1 1980 530 818
30702 14539 73969452 1 2000 540 658
30702 14524 73969462 1 2020 550 344
