260
18055 7859 73474520 1 1790 520 243
18055 7943 73474530 1 1800 520 414
18055 7998 73474540 1 1800 520 538
18046 8045 73474550 1 1800 530 629
18046 8073 73474560 1 1810 530 650
18046 8073 73474570 1 1810 530 659
18039 8041 73474580 1 1830 530 677
18028 7970 73474590 1 1830 530 675
18009 7855 73474600 1 1830 530 694
17982 7710 73474610 1 1830 530 696
17947 7561 73474620 1 1830 530 696
17914 7411 73474630 1 1830 530 691
17876 7289 73474640 1 1830 530 688
17839 7189 73474650 1 1830 530 684
17801 7113 73474660 1 1830 530 670
17762 7066 73474670 1 1830 530 671
17725 7043 73474680 1 1810 540 682
17683 7051 73474690 1 1810 540 688
17646 7082 73474700 1 1800 540 696
17597 7138 73474710 1 1800 540 699
17543 7216 73474721 1 1800 540 697
17478 7303 73474731 1 1800 540 694
17398 7388 73474741 1 1800 540 691
17322 7455 73474751 1 1800 540 683
17248 7497 73474761 1 1800 540 671
17186 7507 73474771 1 1800 540 646
17134 7507 73474781 1 1800 540 572
17088 7487 73474791 1 1800 530 391
17059 7454 73474801 1 1800 530 98
17052 7412 73474811 0 1800 530 0
17065 7371 73474821 0 1800 530 0
17101 7335 73474831 0 1800 530 0
17160 7310 73474841 0 1800 530 0
17246 7295 73474851 0 1800 530 0
17359 7284 73474861 0 1800 530 0
17501 7274 73474871 0 1800 530 0
17655 7262 73474881 0 1810 530 0
17804 7248 73474891 0 1810 530 0
17940 7230 73474901 0 1830 530 0
18054 7210 73474911 0 1830 530 0
18142 7202 73474916 1 1830 530 354
18202 7192 73474926 1 1830 530 484
18235 7192 73474936 1 1810 530 591
18243 7192 73474946 1 1810 530 621
18243 7200 73474956 1 1810 530 616
18243 7200 73474966 1 1810 530 548
18250 7200 73474976 1 1810 530 317
18250 7208 73474986 0 1830 530 0
18286 7222 73474996 0 1830 530 0
18314 7248 73475006 0 1830 530 0
18347 7292 73475016 0 1830 530 0
18381 7360 73475026 0 1830 530 0
18414 7449 73475036 0 1830 530 0
18450 7552 73475046 0 1830 530 0
18488 7655 73475056 0 1830 530 0
18529 7752 73475066 0 1830 520 0
18579 7835 73475076 0 1830 520 0
18636 7899 73475086 0 1820 510 0
18700 7946 73475096 0 1820 510 0
18763 7980 73475106 1 1820 500 325
18806 8001 73475116 1 1820 500 419
18831 8001 73475126 1 1820 500 482
18831 7984 73475136 1 1820 510 536
18823 7932 73475146 1 1820 510 560
18803 7845 73475156 1 1830 520 570
18776 7733 73475166 1 1830 520 569
18747 7609 73475176 1 1830 530 560
18724 7485 73475186 1 1830 530 496
18707 7376 73475196 1 1830 530 349
18707 7283 73475206 1 1830 530 126
18718 7212 73475216 0 1830 530 0
18742 7172 73475226 0 1830 530 0
18773 7164 73475236 0 1830 530 0
18813 7193 73475246 0 1830 530 0
18859 7251 73475256 0 1830 530 0
18911 7339 73475266 0 1830 530 0
18971 7455 73475276 0 1830 530 0
19031 7593 73475286 0 1840 530 0
19090 7735 73475296 0 1840 520 0
19149 7864 73475307 0 1850 520 0
19212 7961 73475317 0 1850 520 0
19279 8035 73475326 1 1850 520 335
19339 8082 73475336 1 1850 510 496
19383 8106 73475346 1 1850 520 550
19396 8106 73475356 1 1850 520 601
19396 8064 73475366 1 1850 520 645
19371 7977 73475376 1 1850 520 677
19333 7858 73475386 1 1850 530 678
19289 7716 73475396 1 1850 530 681
19240 7580 73475406 1 1840 530 664
19200 7457 73475416 1 1840 530 634
19168 7353 73475426 1 1830 530 582
19143 7274 73475436 1 1830 520 454
19134 7215 73475446 1 1830 520 322
19124 7186 73475456 1 1830 520 283
19116 7186 73475466 1 1830 520 281
19105 7201 73475476 1 1830 520 292
19089 7248 73475486 1 1830 520 299
19059 7321 73475496 1 1830 520 322
19012 7413 73475506 1 1830 520 371
18951 7509 73475516 1 1830 520 445
18888 7588 73475527 1 1830 530 506
18830 7642 73475537 1 1830 530 570
18792 7669 73475547 1 1830 530 580
18774 7669 73475557 1 1830 530 570
18774 7669 73475567 1 1830 530 563
18800 7638 73475577 1 1810 530 574
18852 7591 73475587 1 1810 530 577
18933 7528 73475597 1 1810 530 575
19043 7460 73475607 1 1810 530 562
19165 7401 73475617 1 1810 530 560
19294 7358 73475627 1 1810 530 538
19426 7331 73475637 1 1830 530 513
19545 7322 73475647 1 1830 530 483
19654 7322 73475657 1 1830 530 481
19744 7346 73475667 1 1830 520 469
19811 7376 73475677 1 1840 520 480
19862 7415 73475687 1 1840 520 478
19891 7457 73475697 1 1850 520 489
19899 7496 73475707 1 1850 520 512
19884 7530 73475717 1 1850 520 503
19847 7541 73475728 1 1860 520 525
19794 7550 73475738 1 1860 520 541
19726 7529 73475748 1 1860 520 571
19658 7490 73475758 1 1860 520 569
19600 7437 73475768 1 1850 520 578
19560 7379 73475778 1 1850 520 563
19549 7322 73475788 1 1850 520 557
19549 7271 73475798 1 1850 520 555
19570 7232 73475808 1 1850 520 558
19606 7207 73475818 1 1850 520 564
19663 7198 73475828 1 1850 520 569
19730 7198 73475838 1 1850 520 582
19803 7218 73475848 1 1850 520 582
19873 7252 73475858 1 1850 520 586
19929 7296 73475868 1 1850 520 602
19970 7351 73475878 1 1850 520 619
19992 7410 73475888 1 1850 520 628
19999 7467 73475898 1 1850 520 641
19999 7512 73475908 1 1850 520 660
19992 7540 73475918 1 1850 520 666
19984 7547 73475929 1 1850 520 655
19976 7547 73475939 1 1850 520 650
19976 7517 73475949 1 1850 520 641
19976 7472 73475959 1 1850 520 648
19986 7412 73475969 1 1850 520 641
20001 7345 73475979 1 1850 520 636
20026 7275 73475989 1 1850 520 636
20057 7218 73475999 1 1850 520 634
20100 7174 73476009 1 1850 520 623
20156 7147 73476019 1 1850 520 613
20219 7140 73476029 1 1850 520 613
20292 7152 73476039 1 1850 520 603
20367 7180 73476049 1 1860 520 602
20439 7220 73476059 1 1860 520 606
20505 7270 73476069 1 1880 520 596
20559 7322 73476079 1 1880 520 598
20598 7366 73476089 1 1880 520 601
20626 7397 73476099 1 1880 520 608
20642 7406 73476109 1 1880 520 599
20649 7406 73476119 1 1880 520 592
20661 7381 73476130 1 1880 520 592
20672 7341 73476140 1 1880 520 603
20685 7289 73476150 1 1880 520 599
20696 7231 73476160 1 1880 520 602
20705 7177 73476170 1 1880 520 592
20714 7139 73476180 1 1880 520 568
20714 7114 73476190 1 1880 520 552
20722 7107 73476200 1 1880 520 567
20722 7107 73476210 1 1880 530 561
20732 7130 73476220 1 1880 530 533
20752 7162 73476230 1 1880 530 517
20784 7209 73476240 1 1880 530 492
20829 7265 73476250 1 1880 530 469
20880 7321 73476260 1 1880 530 449
20932 7367 73476270 1 1880 530 467
20982 7392 73476280 1 1880 520 494
21027 7392 73476290 1 1880 520 519
21066 7376 73476300 1 1880 520 530
21102 7342 73476310 1 1880 520 532
21134 7296 73476320 1 1880 520 543
21159 7243 73476331 1 1880 520 541
21177 7189 73476341 1 1880 520 543
21185 7141 73476351 1 1880 520 547
21185 7104 73476361 1 1880 520 546
21185 7082 73476371 1 1880 520 550
21185 7075 73476381 1 1880 530 563
21185 7075 73476391 1 1880 530 560
21185 7095 73476401 1 1880 530 533
21201 7124 73476411 1 1880 530 536
21221 7169 73476421 1 1880 530 514
21251 7227 73476431 1 1880 530 491
21289 7289 73476441 1 1880 530 473
21330 7346 73476451 1 1880 530 489
21369 7387 73476461 1 1880 530 499
21409 7407 73476471 1 1880 530 539
21447 7407 73476481 1 1880 520 541
21483 7390 73476491 1 1880 520 534
21519 7355 73476501 1 1890 520 555
21549 7308 73476511 1 1890 520 547
21573 7248 73476521 1 1900 520 552
21598 7180 73476532 1 1900 520 552
21617 7119 73476542 1 1900 520 564
21640 7066 73476552 1 1900 520 573
21665 7030 73476562 1 1900 520 580
21696 7010 73476572 1 1910 530 581
21736 7010 73476582 1 1910 530 588
21787 7023 73476592 1 1910 530 578
21852 7052 73476602 1 1910 530 562
21931 7094 73476612 1 1910 530 555
22016 7148 73476622 1 1910 530 528
22096 7212 73476632 1 1910 530 512
22155 7277 73476642 1 1910 530 519
22181 7336 73476652 1 1910 530 524
22181 7379 73476662 1 1910 530 537
22159 7402 73476672 1 1910 530 548
22122 7402 73476682 1 1900 520 556
22083 7390 73476692 1 1900 520 550
22047 7357 73476702 1 1900 520 539
22016 7305 73476712 1 1900 520 540
22008 7239 73476722 1 1900 520 534
22008 7169 73476733 1 1890 520 531
22018 7103 73476743 1 1890 520 537
22049 7048 73476753 1 1890 520 548
22094 7013 73476763 1 1890 520 550
22156 6992 73476773 1 1900 520 558
22236 6992 73476783 1 1910 530 557
22325 7003 73476793 1 1910 530 554
22425 7031 73476803 1 1910 530 550
22533 7068 73476813 1 1910 530 552
22636 7108 73476823 1 1920 520 555
22729 7143 73476833 1 1920 520 560
22804 7169 73476843 1 1930 520 573
22863 7177 73476853 1 1930 520 596
22906 7177 73476863 1 1930 520 592
22937 7161 73476873 1 1930 520 600
22958 7125 73476883 1 1930 520 625
22958 7082 73476893 1 1930 520 632
22958 7034 73476903 1 1930 520 627
22946 6992 73476913 1 1930 520 615
22919 6965 73476923 1 1930 520 580
22874 6956 73476934 1 1930 520 448
22804 6956 73476944 1 1930 520 197
22762 6956 73476954 0 1930 520 0
22611 7007 73476964 0 1930 520 0
22510 7068 73476974 0 1930 520 0
22418 7163 73476984 0 1930 520 0
22334 7296 73476994 0 1920 520 0
22250 7456 73477004 0 1920 520 0
22152 7619 73477014 0 1910 530 0
22051 7749 73477024 0 1890 520 0
21956 7826 73477034 0 1870 510 0
21882 7848 73477044 0 1860 500 0
21835 7848 73477049 1 1850 500 515
21810 7840 73477059 1 1850 490 723
21803 7840 73477069 1 1850 490 813
21803 7852 73477079 1 1850 500 812
21803 7860 73477089 1 1850 500 790
21811 7860 73477099 1 1860 510 711
21811 7860 73477109 1 1880 520 459
