260
18005 14461 73374597 1 1800 500 305
18073 14567 73374607 1 1790 500 449
18097 14613 73374617 1 1780 500 557
18105 14637 73374627 1 1780 500 604
18105 14629 73374637 1 1790 510 632
18105 14576 73374647 1 1800 510 655
18093 14480 73374657 1 1800 520 669
18082 14345 73374667 1 1800 530 675
18064 14188 73374677 1 1810 530 678
18035 14030 73374687 1 1810 530 676
18001 13890 73374697 1 1810 530 667
17963 13775 73374707 1 1810 540 636
17923 13692 73374717 1 1800 540 597
17883 13642 73374727 1 1800 540 581
17832 13630 73374737 1 1800 540 567
17770 13630 73374747 1 1800 540 571
17698 13657 73374757 1 1800 540 572
17621 13700 73374767 1 1800 540 613
17544 13765 73374777 1 1800 540 615
17464 13851 73374787 1 1800 540 614
17390 13942 73374798 1 1800 540 615
17321 14024 73374808 1 1800 540 627
17268 14079 73374818 1 1800 540 626
17233 14094 73374828 1 1800 540 618
17205 14094 73374838 1 1800 540 585
17181 14057 73374848 1 1800 540 486
17157 14003 73374858 1 1800 540 281
17146 13970 73374868 0 1800 540 0
17138 13862 73374878 0 1800 540 0
17150 13799 73374888 0 1800 540 0
17188 13750 73374898 0 1800 540 0
17253 13721 73374908 0 1800 540 0
17356 13705 73374918 0 1800 540 0
17507 13696 73374928 0 1800 540 0
17703 13696 73374938 0 1800 540 0
17928 13684 73374948 0 1800 530 0
18151 13661 73374958 0 1800 530 0
18346 13653 73374968 0 1800 530 0
18487 13644 73374972 1 1800 530 257
18573 13644 73374982 1 1800 530 408
18612 13658 73374992 1 1800 530 529
18621 13670 73375002 1 1800 540 544
18621 13685 73375012 1 1800 540 523
18614 13709 73375022 1 1800 540 421
18614 13748 73375032 1 1810 540 199
18633 13805 73375042 1 1810 540 41
18649 13841 73375052 0 1830 540 0
18731 13981 73375062 0 1830 540 0
18807 14104 73375072 0 1830 540 0
18889 14247 73375082 0 1830 540 0
18967 14395 73375092 1 1830 540 147
19030 14530 73375102 1 1830 540 328
19073 14633 73375112 1 1830 540 489
19096 14692 73375122 1 1830 540 551
19105 14705 73375132 1 1830 540 576
19105 14668 73375142 1 1830 530 624
19105 14579 73375152 1 1830 530 653
19097 14447 73375162 1 1830 530 675
19072 14279 73375172 1 1830 520 679
19044 14104 73375182 1 1830 520 679
19014 13944 73375192 1 1830 530 652
18984 13812 73375202 1 1830 530 570
18961 13717 73375212 1 1830 530 366
18954 13661 73375222 1 1830 540 137
18954 13646 73375232 0 1830 540 0
18987 13653 73375242 0 1830 540 0
19032 13696 73375252 0 1830 540 0
19091 13772 73375262 0 1830 540 0
19157 13879 73375272 0 1830 540 0
19225 14017 73375282 0 1830 540 0
19297 14175 73375293 0 1840 540 0
19371 14333 73375303 0 1840 540 0
19446 14474 73375313 0 1850 530 0
19518 14590 73375323 1 1850 530 210
19580 14676 73375333 1 1860 520 410
19625 14731 73375343 1 1860 520 537
19652 14755 73375353 1 1870 510 593
19659 14739 73375363 1 1870 510 628
19647 14679 73375373 1 1870 510 684
19614 14574 73375383 1 1870 510 711
19557 14432 73375393 1 1870 510 740
19489 14272 73375403 1 1870 510 743
19421 14112 73375413 1 1880 520 734
19363 13968 73375423 1 1860 520 691
19321 13850 73375433 1 1860 520 595
19293 13760 73375443 1 1850 530 466
19285 13703 73375453 1 1850 530 314
19275 13676 73375463 1 1850 530 248
19275 13676 73375473 1 1840 530 213
19282 13712 73375483 1 1840 540 239
19290 13767 73375493 1 1830 540 298
19300 13848 73375503 1 1830 540 393
19285 13950 73375513 1 1830 540 427
19247 14059 73375524 1 1830 540 464
19190 14158 73375534 1 1830 540 514
19129 14227 73375544 1 1830 540 573
19085 14258 73375554 1 1830 540 596
19060 14258 73375564 1 1830 540 614
19060 14213 73375574 1 1830 540 643
19060 14150 73375584 1 1830 540 648
19084 14064 73375594 1 1830 530 650
19136 13965 73375604 1 1830 530 649
19214 13872 73375614 1 1830 530 643
19313 13793 73375624 1 1830 530 625
19421 13736 73375634 1 1830 530 581
19537 13704 73375644 1 1830 540 550
19657 13697 73375654 1 1830 540 500
19777 13708 73375664 1 1840 540 496
19893 13740 73375674 1 1840 540 503
19994 13790 73375684 1 1850 540 506
20074 13854 73375694 1 1850 540 541
20130 13925 73375704 1 1850 540 563
20159 13999 73375714 1 1850 540 599
20159 14068 73375725 1 1850 540 619
20133 14123 73375735 1 1850 540 634
20091 14158 73375745 1 1850 540 664
20031 14167 73375755 1 1850 540 691
19964 14152 73375765 1 1850 540 705
19907 14114 73375775 1 1850 540 700
19860 14056 73375785 1 1850 540 701
19833 13988 73375795 1 1840 530 685
19826 13918 73375805 1 1840 530 685
19826 13849 73375815 1 1830 530 669
19842 13798 73375825 1 1830 530 653
19860 13762 73375835 1 1830 530 639
19891 13751 73375845 1 1830 530 627
19937 13751 73375855 1 1830 530 622
19994 13770 73375865 1 1830 530 615
20067 13807 73375875 1 1830 530 616
20142 13860 73375885 1 1830 530 631
20204 13921 73375895 1 1840 530 652
20252 13989 73375905 1 1840 530 669
20278 14053 73375915 1 1850 530 693
20287 14103 73375926 1 1850 530 715
20287 14136 73375936 1 1850 530 727
20287 14144 73375946 1 1850 530 726
20287 14144 73375956 1 1850 530 728
20280 14110 73375966 1 1850 530 726
20280 14063 73375976 1 1850 530 728
20280 13999 73375986 1 1850 530 726
20293 13923 73375996 1 1850 530 727
20313 13851 73376006 1 1850 530 712
20341 13788 73376016 1 1850 530 697
20376 13741 73376026 1 1850 530 682
20417 13714 73376036 1 1850 530 663
20470 13706 73376046 1 1850 530 656
20535 13706 73376056 1 1850 530 624
20606 13729 73376066 1 1850 530 634
20676 13767 73376076 1 1850 530 623
20745 13817 73376086 1 1850 530 629
20797 13869 73376096 1 1870 530 634
20837 13915 73376106 1 1870 530 659
20861 13947 73376116 1 1880 530 673
20872 13956 73376127 1 1880 530 674
20872 13956 73376137 1 1880 530 669
20883 13935 73376147 1 1880 530 670
20899 13897 73376157 1 1880 530 673
20921 13845 73376167 1 1880 530 673
20943 13785 73376177 1 1880 530 674
20961 13726 73376187 1 1880 530 669
20968 13681 73376197 1 1880 530 667
20968 13652 73376207 1 1880 530 655
20968 13643 73376217 1 1880 530 652
20961 13643 73376227 1 1880 530 654
20961 13658 73376237 1 1880 530 648
20961 13688 73376247 1 1880 530 603
20974 13731 73376257 1 1880 530 591
20998 13786 73376267 1 1880 530 580
21034 13849 73376277 1 1880 530 568
21081 13905 73376287 1 1880 530 571
21141 13949 73376297 1 1880 530 576
21213 13970 73376307 1 1880 530 607
21287 13970 73376317 1 1880 530 627
21362 13951 73376328 1 1880 530 630
21427 13915 73376338 1 1880 530 639
21477 13867 73376348 1 1890 530 639
21509 13811 73376358 1 1890 530 641
21517 13755 73376368 1 1910 530 639
21517 13703 73376378 1 1910 530 645
21497 13663 73376388 1 1910 530 637
21479 13637 73376398 1 1910 530 625
21471 13628 73376408 1 1910 530 612
21463 13620 73376418 1 1910 530 616
21463 13631 73376428 1 1910 530 617
21477 13653 73376438 1 1910 530 575
21499 13690 73376448 1 1910 530 568
21527 13744 73376458 1 1910 530 557
21562 13811 73376468 1 1910 530 554
21600 13879 73376478 1 1910 530 570
21643 13937 73376488 1 1910 530 570
21691 13978 73376498 1 1910 530 604
21740 13998 73376508 1 1920 520 612
21791 13998 73376518 1 1920 520 618
21838 13980 73376529 1 1930 520 614
21884 13943 73376539 1 1930 520 613
21926 13889 73376549 1 1920 520 614
21964 13821 73376559 1 1920 520 623
22002 13750 73376569 1 1910 530 623
22041 13681 73376579 1 1910 530 624
22082 13623 73376589 1 1910 530 624
22126 13578 73376599 1 1890 530 623
22176 13549 73376609 1 1890 530 624
22231 13541 73376619 1 1890 530 620
22296 13549 73376629 1 1890 530 621
22368 13576 73376639 1 1910 530 622
22440 13618 73376649 1 1910 530 624
22502 13672 73376659 1 1910 530 629
22548 13739 73376669 1 1910 530 650
22573 13814 73376679 1 1910 530 655
22573 13889 73376689 1 1910 530 656
22537 13954 73376699 1 1910 530 666
22489 13993 73376709 1 1910 530 670
22438 14003 73376719 1 1910 530 663
22395 13993 73376730 1 1910 530 661
22369 13953 73376740 1 1910 530 658
22360 13893 73376750 1 1910 530 653
22360 13818 73376760 1 1900 520 655
22373 13734 73376770 1 1900 520 656
22404 13660 73376780 1 1900 520 646
22445 13602 73376790 1 1900 520 639
22490 13563 73376800 1 1910 530 631
22539 13545 73376810 1 1910 530 621
22597 13545 73376820 1 1910 530 620
22662 13564 73376830 1 1910 530 614
22735 13596 73376840 1 1910 530 613
22815 13642 73376850 1 1910 530 606
22898 13699 73376860 1 1910 530 602
22975 13754 73376870 1 1920 520 618
23044 13801 73376880 1 1920 520 648
23096 13829 73376890 1 1930 520 671
23143 13829 73376900 1 1930 520 674
23189 13811 73376910 1 1930 520 672
23242 13767 73376920 1 1930 520 677
23298 13706 73376931 1 1930 520 679
23343 13638 73376941 1 1930 520 680
23375 13571 73376951 1 1930 520 676
23383 13516 73376961 1 1940 520 673
23367 13476 73376971 1 1940 520 667
23319 13457 73376981 1 1960 520 602
23243 13457 73376991 1 1960 520 479
23142 13478 73377001 1 1960 520 206
23088 13495 73377011 0 1960 530 0
22931 13569 73377021 0 1960 530 0
22839 13651 73377031 0 1960 530 0
22759 13766 73377041 0 1950 530 0
22681 13910 73377051 0 1940 520 0
22594 14068 73377061 0 1930 520 0
22495 14222 73377071 0 1920 500 0
22386 14360 73377081 0 1910 500 0
22278 14468 73377091 0 1890 480 0
22186 14538 73377101 0 1870 460 0
22125 14567 73377111 0 1860 450 0
22094 14575 73377115 1 1850 440 475
22084 14575 73377125 1 1840 440 685
22084 14582 73377135 1 1840 450 798
22084 14596 73377145 1 1840 460 812
22076 14603 73377155 1 1840 470 806
22076 14603 73377165 1 1840 480 747
22076 14603 73377175 1 1850 500 552
22084 14603 73377185 1 1850 510 92
