278
17594 2404 73543950 1 1930 450 151
17603 2505 73543960 1 1930 470 291
17616 2570 73543970 1 1930 480 422
17630 2624 73543980 1 1930 500 541
17638 2657 73543990 1 1930 520 563
17638 2657 73544000 1 1940 540 580
17645 2602 73544010 1 1930 550 615
17645 2499 73544020 1 1940 560 623
17628 2355 73544030 1 1920 550 629
17610 2187 73544040 1 1910 540 638
17582 2024 73544050 1 1910 530 634
17545 1879 73544060 1 1900 510 641
17505 1760 73544070 1 1900 500 636
17464 1670 73544080 1 1890 480 636
17428 1610 73544090 1 1880 460 634
17396 1583 73544100 1 1880 450 640
17365 1583 73544110 1 1880 440 641
17329 1621 73544120 1 1870 430 647
17280 1679 73544130 1 1870 420 647
17212 1765 73544140 1 1870 420 634
17127 1867 73544151 1 1870 420 626
17023 1970 73544161 1 1860 420 618
16919 2059 73544171 1 1860 420 619
16831 2119 73544181 1 1860 430 616
16765 2149 73544191 1 1860 430 601
16725 2149 73544201 1 1860 430 495
16701 2132 73544211 1 1850 430 235
16693 2115 73544221 0 1850 430 0
16693 2045 73544231 0 1840 430 0
16723 1996 73544241 0 1840 440 0
16777 1950 73544251 0 1840 440 0
16864 1913 73544261 0 1840 450 0
16986 1882 73544271 0 1850 460 0
17145 1851 73544281 0 1850 460 0
17330 1817 73544291 0 1860 470 0
17523 1777 73544301 0 1880 470 0
17708 1732 73544311 0 1880 480 0
17791 1709 73544321 1 1890 480 302
17988 1660 73544331 1 1890 480 399
18061 1641 73544341 1 1890 470 479
18093 1632 73544351 1 1880 460 499
18093 1624 73544361 1 1880 460 467
18078 1614 73544371 1 1870 450 197
18062 1604 73544381 0 1870 450 0
18055 1604 73544391 0 1860 450 0
18077 1604 73544401 0 1860 450 0
18130 1631 73544411 0 1860 450 0
18220 1675 73544421 0 1860 460 0
18336 1736 73544431 0 1860 470 0
18474 1804 73544441 0 1870 480 0
18636 1865 73544451 0 1870 480 0
18827 1909 73544461 0 1870 480 0
19049 1922 73544471 0 1880 480 0
19285 1931 73544481 0 1900 470 0
19509 1912 73544491 0 1900 460 0
19681 1890 73544501 0 1910 440 0
19769 1867 73544511 0 1920 430 0
19765 1850 73544522 0 1910 410 0
19683 1843 73544532 0 1900 410 0
19550 1833 73544542 0 1900 410 0
19406 1821 73544552 0 1890 400 0
19278 1810 73544562 0 1880 400 0
19182 1800 73544572 0 1880 400 0
19122 1800 73544582 0 1880 410 0
19096 1800 73544592 0 1880 410 0
19086 1815 73544602 0 1880 420 0
19077 1836 73544612 0 1890 420 0
19063 1866 73544622 0 1890 420 0
19038 1905 73544632 0 1890 430 0
19007 1958 73544642 0 1880 430 0
18975 2028 73544652 0 1880 430 0
18949 2120 73544662 0 1870 430 0
18931 2233 73544672 0 1870 430 0
18931 2356 73544682 0 1880 440 0
18931 2478 73544692 0 1880 450 0
18952 2589 73544696 1 1890 470 265
18981 2682 73544706 1 1880 490 445
19010 2750 73544716 1 1880 500 614
19032 2791 73544726 1 1880 520 654
19041 2799 73544736 1 1880 530 656
19034 2754 73544746 1 1890 550 679
19011 2666 73544756 1 1890 560 683
18974 2529 73544766 1 1890 560 696
18929 2358 73544776 1 1890 560 696
18879 2180 73544786 1 1890 550 688
18835 2011 73544796 1 1880 530 642
18801 1864 73544806 1 1880 520 496
18777 1748 73544816 1 1870 500 263
18777 1702 73544826 0 1870 490 0
18781 1619 73544836 0 1860 470 0
18811 1619 73544846 0 1860 450 0
18861 1653 73544856 0 1860 440 0
18933 1724 73544866 0 1860 440 0
19019 1827 73544876 0 1870 430 0
19114 1956 73544886 0 1870 440 0
19208 2104 73544897 0 1880 440 0
19297 2258 73544907 0 1880 440 0
19382 2403 73544917 0 1880 460 0
19464 2529 73544937 1 1900 470 270
19533 2623 73544947 1 1900 490 468
19582 2682 73544957 1 1920 490 555
19606 2700 73544967 1 1930 510 585
19598 2677 73544977 1 1930 520 617
19566 2593 73544987 1 1940 540 655
19518 2458 73544997 1 1930 550 677
19453 2288 73545007 1 1930 550 677
19384 2105 73545017 1 1910 540 671
19321 1935 73545027 1 1910 530 656
19270 1796 73545037 1 1900 510 586
19237 1689 73545047 1 1890 490 483
19221 1623 73545057 1 1890 470 364
19221 1594 73545067 1 1880 450 342
19221 1594 73545077 1 1870 430 335
19221 1636 73545087 1 1870 420 348
19228 1696 73545097 1 1870 420 452
19228 1780 73545107 1 1870 410 462
19197 1882 73545117 1 1870 410 480
19149 1985 73545127 1 1870 410 493
19084 2079 73545138 1 1870 410 510
19007 2145 73545148 1 1870 400 536
18943 2173 73545158 1 1870 400 544
18896 2173 73545168 1 1860 400 551
18868 2134 73545178 1 1860 400 546
18868 2080 73545188 1 1850 400 537
18893 2011 73545198 1 1850 400 531
18954 1935 73545208 1 1850 400 516
19042 1857 73545218 1 1850 410 471
19154 1787 73545228 1 1850 410 445
19280 1736 73545238 1 1850 410 370
19408 1709 73545248 1 1850 410 357
19540 1709 73545258 1 1860 410 314
19666 1724 73545268 1 1870 410 308
19775 1761 73545278 1 1870 410 317
19860 1811 73545288 1 1870 410 340
19919 1872 73545298 1 1870 410 368
19954 1937 73545308 1 1870 410 407
19962 2004 73545318 1 1870 410 433
19948 2066 73545328 1 1870 410 453
19912 2116 73545339 1 1860 400 493
19861 2142 73545349 1 1860 400 518
19799 2142 73545359 1 1860 400 553
19738 2116 73545369 1 1860 390 577
19684 2070 73545379 1 1860 390 574
19646 2010 73545389 1 1860 390 572
19638 1941 73545399 1 1860 390 577
19638 1875 73545409 1 1870 400 572
19671 1816 73545419 1 1870 400 575
19713 1773 73545429 1 1880 400 572
19759 1751 73545439 1 1880 400 570
19819 1751 73545449 1 1880 400 574
19880 1769 73545459 1 1880 410 575
19938 1804 73545469 1 1880 410 577
19991 1850 73545479 1 1870 410 578
20027 1904 73545489 1 1870 410 590
20047 1963 73545499 1 1870 410 604
20047 2020 73545509 1 1860 410 617
20047 2067 73545519 1 1860 410 638
20027 2098 73545529 1 1850 410 648
20009 2105 73545540 1 1850 400 648
19993 2098 73545550 1 1850 400 640
19984 2070 73545560 1 1850 400 641
19984 2025 73545570 1 1850 390 645
19993 1963 73545580 1 1850 390 640
20017 1891 73545590 1 1850 390 641
20052 1818 73545600 1 1850 390 642
20096 1755 73545610 1 1850 390 637
20141 1709 73545620 1 1850 400 641
20194 1682 73545630 1 1850 400 641
20252 1682 73545640 1 1850 400 634
20317 1697 73545650 1 1860 400 624
20388 1730 73545660 1 1860 400 614
20455 1777 73545670 1 1870 400 608
20521 1833 73545680 1 1870 400 602
20579 1893 73545690 1 1870 400 606
20630 1948 73545700 1 1880 400 617
20672 1987 73545710 1 1880 400 634
20700 2008 73545720 1 1880 400 628
20722 2008 73545730 1 1880 390 629
20741 1979 73545741 1 1880 390 634
20762 1933 73545751 1 1880 390 642
20783 1875 73545761 1 1880 390 634
20799 1815 73545771 1 1880 380 631
20808 1763 73545781 1 1880 380 623
20808 1726 73545791 1 1880 380 623
20808 1706 73545801 1 1880 380 629
20808 1706 73545811 1 1880 380 636
20808 1706 73545821 1 1880 390 626
20808 1732 73545831 1 1880 390 599
20816 1767 73545841 1 1880 390 600
20836 1815 73545851 1 1880 390 539
20867 1872 73545861 1 1880 390 533
20908 1926 73545871 1 1880 390 525
20957 1970 73545881 1 1880 390 533
21006 1995 73545891 1 1880 390 540
21057 1995 73545901 1 1880 380 554
21108 1973 73545911 1 1880 380 579
21154 1934 73545921 1 1880 380 588
21189 1882 73545931 1 1880 380 587
21212 1822 73545942 1 1880 380 597
21220 1766 73545952 1 1880 380 600
21220 1720 73545962 1 1880 380 600
21212 1687 73545972 1 1880 380 604
21203 1678 73545982 1 1890 380 610
21203 1669 73545992 1 1890 380 613
21203 1682 73546002 1 1900 390 590
21218 1706 73546012 1 1900 390 571
21243 1743 73546022 1 1900 390 562
21279 1791 73546032 1 1900 390 528
21323 1849 73546042 1 1900 390 530
21377 1908 73546052 1 1900 390 529
21431 1958 73546062 1 1900 390 543
21485 1992 73546072 1 1890 380 545
21540 2001 73546082 1 1890 380 572
21590 2001 73546092 1 1890 380 586
21638 1974 73546102 1 1890 380 585
21684 1934 73546112 1 1890 370 606
21721 1883 73546122 1 1890 370 606
21753 1824 73546132 1 1890 370 607
21783 1767 73546143 1 1900 370 609
21811 1720 73546153 1 1900 370 613
21842 1685 73546163 1 1910 370 619
21880 1667 73546173 1 1910 370 620
21925 1667 73546183 1 1910 390 620
21983 1674 73546193 1 1910 390 624
22053 1698 73546203 1 1900 400 620
22126 1733 73546213 1 1900 400 621
22197 1779 73546223 1 1900 410 619
22252 1834 73546233 1 1900 410 618
22284 1890 73546243 1 1890 420 622
22291 1943 73546253 1 1890 420 620
22273 1984 73546263 1 1890 420 620
22243 2006 73546273 1 1900 420 619
22207 2006 73546283 1 1900 420 612
22173 1994 73546293 1 1900 410 611
22152 1959 73546303 1 1900 410 597
22144 1908 73546313 1 1900 410 601
22144 1840 73546323 1 1900 410 608
22171 1769 73546333 1 1890 410 612
22202 1702 73546344 1 1890 410 611
22238 1648 73546354 1 1890 410 620
22271 1617 73546364 1 1890 410 632
22303 1608 73546374 1 1890 410 645
22336 1608 73546384 1 1890 410 642
22376 1638 73546394 1 1900 410 632
22424 1679 73546404 1 1900 410 628
22485 1727 73546414 1 1900 410 626
22556 1776 73546424 1 1900 410 606
22627 1816 73546434 1 1900 410 608
22696 1837 73546444 1 1900 410 606
22765 1837 73546454 1 1900 410 642
22832 1809 73546464 1 1910 400 659
22896 1766 73546474 1 1910 400 681
22951 1711 73546484 1 1920 400 701
22987 1658 73546494 1 1920 390 695
22997 1613 73546504 1 1920 390 698
22997 1578 73546514 1 1920 390 695
22964 1555 73546524 1 1920 390 679
22907 1547 73546534 1 1910 380 536
22822 1547 73546545 1 1910 380 255
22771 1547 73546555 0 1910 380 0
22605 1592 73546565 0 1920 390 0
22503 1648 73546575 0 1920 390 0
22418 1735 73546585 0 1920 390 0
22342 1854 73546595 0 1910 400 0
22269 2001 73546605 0 1920 410 0
22187 2159 73546615 0 1910 420 0
22101 2305 73546625 0 1910 440 0
22021 2422 73546635 0 1900 460 0
21951 2497 73546645 0 1900 480 0
21921 2520 73546644 1 1890 490 458
21846 2549 73546654 1 1900 510 667
21808 2558 73546664 1 1910 530 853
21781 2566 73546674 1 1910 540 911
21773 2577 73546684 1 1920 550 910
21764 2577 73546694 1 1920 550 902
21764 2577 73546704 1 1940 560 844
21764 2577 73546714 1 1950 560 643
21764 2553 73546724 1 1950 560 262
