260
9150 18225 72903644 1 1900 540 273
9157 18283 72903654 1 1880 540 420
9157 18341 72903664 1 1890 550 542
9165 18395 72903674 1 1890 550 615
9165 18434 72903684 1 1890 550 655
9165 18455 72903694 1 1890 550 664
9165 18455 72903704 1 1870 550 654
9165 18441 72903714 1 1870 560 650
9155 18386 72903724 1 1860 560 647
9137 18277 72903734 1 1860 560 646
9103 18123 72903744 1 1860 560 642
9057 17948 72903754 1 1860 550 644
9011 17769 72903764 1 1860 550 615
8970 17614 72903774 1 1860 550 595
8941 17489 72903784 1 1850 540 536
8922 17393 72903794 1 1850 540 492
8907 17333 72903804 1 1850 540 475
8898 17308 72903814 1 1850 540 492
8891 17316 72903824 1 1860 550 506
8862 17351 72903834 1 1860 550 507
8829 17409 72903845 1 1860 550 512
8776 17488 72903855 1 1860 550 503
8708 17582 72903865 1 1860 550 492
8628 17674 72903875 1 1840 550 490
8545 17753 72903885 1 1840 550 500
8466 17806 72903895 1 1830 550 519
8403 17828 72903905 1 1830 540 518
8362 17828 72903915 1 1830 540 496
8337 17805 72903925 1 1830 540 429
8337 17768 72903935 1 1830 540 180
8337 17743 72903945 0 1830 530 0
8389 17666 72903955 0 1830 540 0
8455 17619 72903965 0 1830 540 0
8540 17587 72903975 0 1830 540 0
8644 17566 72903985 0 1830 540 0
8758 17552 72903995 0 1830 540 0
8873 17537 72904005 0 1830 550 0
8987 17522 72904015 0 1840 550 0
9079 17507 72904025 0 1860 550 0
9150 17492 72904035 0 1860 550 0
9202 17478 72904046 0 1870 550 0
9237 17469 72904055 1 1870 550 400
9261 17462 72904065 1 1890 550 478
9277 17462 72904075 1 1890 550 532
9286 17462 72904085 1 1870 550 526
9298 17462 72904095 1 1870 550 391
9322 17462 72904105 1 1860 550 12
9355 17469 72904115 0 1860 550 0
9391 17487 72904125 0 1860 550 0
9428 17518 72904135 0 1860 550 0
9465 17568 72904145 0 1860 560 0
9512 17635 72904155 0 1860 560 0
9571 17711 72904165 0 1840 560 0
9642 17800 72904175 0 1850 570 0
9716 17901 72904185 0 1830 570 0
9782 18009 72904195 0 1830 570 0
9839 18122 72904205 0 1830 570 0
9880 18235 72904215 0 1830 570 0
9918 18334 72904225 1 1830 570 298
9949 18422 72904235 1 1850 570 443
9971 18491 72904245 1 1850 580 526
9991 18527 72904255 1 1860 580 546
9991 18534 72904265 1 1860 580 560
9998 18466 72904275 1 1870 590 577
9998 18338 72904285 1 1870 590 587
9998 18159 72904295 1 1870 590 585
9984 17962 72904305 1 1870 590 581
9964 17776 72904315 1 1870 590 515
9943 17626 72904325 1 1860 580 378
9922 17518 72904335 1 1860 580 98
9922 17446 72904345 0 1860 570 0
9932 17415 72904355 0 1860 570 0
9963 17425 72904365 0 1860 570 0
10016 17470 72904375 0 1860 570 0
10085 17548 72904385 0 1860 570 0
10172 17653 72904395 0 1860 570 0
10265 17787 72904405 0 1860 570 0
10352 17940 72904415 0 1860 570 0
10416 18098 72904426 0 1860 570 0
10460 18243 72904436 1 1860 570 200
10487 18361 72904446 1 1860 570 343
10508 18445 72904456 1 1860 580 475
10533 18493 72904466 1 1860 580 539
10555 18502 72904476 1 1860 580 553
10577 18461 72904486 1 1860 580 580
10598 18359 72904496 1 1860 580 614
10605 18212 72904506 1 1860 580 634
10597 18039 72904516 1 1860 580 644
10574 17859 72904526 1 1860 580 639
10532 17706 72904536 1 1860 580 621
10493 17577 72904546 1 1860 570 550
10459 17473 72904556 1 1860 570 452
10428 17402 72904566 1 1860 570 354
10411 17361 72904576 1 1860 560 330
10402 17351 72904586 1 1860 570 348
10402 17373 72904596 1 1860 570 385
10402 17425 72904606 1 1860 570 402
10384 17508 72904616 1 1860 570 443
10345 17617 72904626 1 1860 570 484
10286 17732 72904637 1 1860 570 517
10218 17832 72904647 1 1860 570 565
10152 17902 72904657 1 1860 570 596
10107 17938 72904667 1 1860 570 596
10081 17945 72904677 1 1860 560 585
10074 17931 72904687 1 1860 560 577
10083 17892 72904697 1 1860 560 577
10123 17826 72904707 1 1860 560 573
10199 17743 72904717 1 1860 550 537
10307 17652 72904727 1 1860 550 501
10438 17570 72904737 1 1860 560 456
10576 17511 72904747 1 1860 560 442
10711 17476 72904757 1 1860 560 439
10842 17469 72904767 1 1860 560 445
10972 17487 72904777 1 1860 560 452
11095 17523 72904787 1 1860 560 466
11209 17576 72904797 1 1860 560 477
11306 17636 72904807 1 1860 560 514
11376 17698 72904817 1 1870 560 519
11404 17760 72904827 1 1870 560 555
11396 17810 72904838 1 1890 560 556
11355 17844 72904848 1 1890 560 574
11289 17853 72904858 1 1890 560 592
11210 17842 72904868 1 1890 550 610
11129 17804 72904878 1 1890 550 609
11060 17745 72904888 1 1890 550 612
11012 17671 72904898 1 1870 550 604
10999 17593 72904908 1 1870 550 590
10999 17521 72904918 1 1860 550 577
11034 17461 72904928 1 1860 560 563
11088 17419 72904938 1 1860 560 557
11155 17399 72904948 1 1860 560 548
11236 17399 72904958 1 1860 560 547
11324 17418 72904968 1 1860 560 548
11408 17453 72904978 1 1870 560 560
11488 17500 72904988 1 1870 560 578
11553 17557 72904998 1 1890 560 596
11594 17617 72905008 1 1890 560 623
11605 17679 72905018 1 1890 560 622
11605 17733 72905028 1 1890 560 630
11590 17768 72905039 1 1900 560 629
11576 17778 72905049 1 1900 560 618
11569 17778 72905059 1 1910 540 608
11561 17741 72905069 1 1910 540 612
11561 17684 72905079 1 1910 540 613
11582 17614 72905089 1 1910 540 607
11607 17538 72905099 1 1910 540 611
11643 17468 72905109 1 1910 540 609
11687 17414 72905119 1 1910 540 608
11732 17375 72905129 1 1920 550 611
11789 17354 72905139 1 1920 550 595
11853 17354 72905149 1 1920 550 592
11923 17364 72905159 1 1920 550 585
12002 17391 72905169 1 1920 550 565
12082 17426 72905179 1 1920 550 572
12154 17467 72905189 1 1920 550 567
12212 17504 72905199 1 1920 550 567
12254 17533 72905209 1 1920 550 567
12280 17549 72905219 1 1920 550 572
12288 17549 72905229 1 1920 550 566
12298 17541 72905240 1 1920 550 565
12318 17513 72905250 1 1910 540 563
12331 17473 72905260 1 1930 540 562
12348 17420 72905270 1 1930 540 558
12355 17363 72905280 1 1950 550 555
12364 17317 72905290 1 1950 550 542
12364 17284 72905300 1 1950 550 538
12364 17273 72905310 1 1950 550 542
12356 17265 72905320 1 1950 560 550
12356 17282 72905330 1 1950 560 537
12356 17310 72905340 1 1940 560 531
12375 17350 72905350 1 1940 560 527
12401 17406 72905360 1 1920 560 515
12436 17466 72905370 1 1920 560 501
12483 17523 72905380 1 1920 560 489
12540 17567 72905390 1 1920 560 513
12597 17589 72905400 1 1920 550 543
12656 17589 72905410 1 1920 550 548
12710 17570 72905420 1 1920 550 563
12756 17533 72905430 1 1920 550 567
12793 17484 72905441 1 1910 540 571
12822 17424 72905451 1 1910 540 573
12840 17366 72905461 1 1920 550 570
12847 17320 72905471 1 1920 550 564
12847 17289 72905481 1 1920 550 550
12847 17279 72905491 1 1920 550 525
12847 17270 72905501 1 1920 560 522
12847 17270 72905511 1 1920 560 523
12847 17287 72905521 1 1920 560 521
12856 17313 72905531 1 1920 560 525
12877 17352 72905541 1 1920 560 507
12906 17406 72905551 1 1920 560 502
12941 17467 72905561 1 1920 560 494
12978 17523 72905571 1 1920 560 503
13015 17568 72905581 1 1920 560 513
13049 17595 72905591 1 1920 550 533
13080 17603 72905601 1 1920 550 539
13111 17603 72905611 1 1920 550 541
13139 17574 72905621 1 1910 540 541
13167 17534 72905631 1 1910 540 547
13200 17477 72905642 1 1910 540 547
13234 17412 72905652 1 1910 540 550
13268 17348 72905662 1 1910 540 552
13304 17289 72905672 1 1920 550 555
13341 17243 72905682 1 1920 550 556
13382 17216 72905692 1 1930 550 551
13432 17207 72905702 1 1940 560 562
13485 17207 72905712 1 1950 560 567
13543 17236 72905722 1 1950 560 566
13605 17274 72905732 1 1950 560 570
13663 17330 72905742 1 1950 560 570
13718 17399 72905752 1 1950 560 570
13754 17475 72905762 1 1950 560 570
13770 17551 72905772 1 1970 560 576
13770 17614 72905782 1 1960 550 587
13754 17653 72905792 1 1960 550 585
13727 17665 72905802 1 1960 540 577
13698 17665 72905812 1 1940 540 568
13666 17633 72905822 1 1940 540 563
13643 17579 72905832 1 1940 530 556
13635 17500 72905843 1 1940 530 547
13635 17410 72905853 1 1940 530 534
13660 17325 72905863 1 1940 540 534
13691 17253 72905873 1 1940 540 540
13729 17203 72905883 1 1940 540 551
13769 17175 72905893 1 1960 550 550
13819 17168 72905903 1 1960 550 552
13872 17178 72905913 1 1980 560 554
13934 17202 72905923 1 1980 560 560
14006 17241 72905933 1 1980 560 551
14077 17288 72905943 1 1980 560 554
14145 17334 72905953 1 1980 560 558
14212 17373 72905963 1 1980 560 569
14271 17393 72905973 1 1980 560 594
14327 17393 72905983 1 1980 560 600
14382 17372 72905993 1 1980 560 607
14425 17337 72906003 1 1970 550 606
14454 17291 72906013 1 1990 550 609
14472 17241 72906023 1 1990 550 605
14472 17192 72906033 1 2000 540 601
14452 17149 72906044 1 2000 540 577
14420 17117 72906054 1 2010 550 493
14366 17108 72906064 1 2010 550 250
14333 17108 72906074 0 2010 550 0
14213 17138 72906084 0 2010 550 0
14130 17193 72906094 0 2010 550 0
14050 17279 72906104 0 2010 550 0
13975 17398 72906114 0 2000 550 0
13898 17548 72906124 0 2000 550 0
13808 17726 72906134 0 1980 560 0
13709 17918 72906144 0 1970 560 0
13612 18088 72906154 0 1970 560 0
13533 18218 72906164 0 1950 550 0
13485 18293 72906174 0 1950 550 0
13473 18308 72906183 1 1950 550 317
13486 18322 72906193 1 1950 550 462
13501 18329 72906203 1 1950 550 593
13517 18337 72906213 1 1950 550 613
13524 18348 72906223 1 1950 560 591
13524 18348 72906233 1 1950 560 481
13524 18348 72906243 1 1950 560 163
