261
17659 3702 73520246 1 1980 530 184
17678 3828 73520256 1 1960 530 361
17696 3899 73520266 1 1950 530 514
17714 3950 73520276 1 1950 530 595
17721 3980 73520286 1 1940 530 611
17721 3967 73520296 1 1920 530 618
17721 3911 73520306 1 1910 540 637
17714 3811 73520316 1 1900 550 666
17700 3673 73520326 1 1890 550 667
17682 3510 73520336 1 1890 550 668
17661 3354 73520346 1 1890 550 666
17642 3218 73520356 1 1890 550 653
17624 3105 73520366 1 1890 550 624
17604 3026 73520376 1 1890 550 568
17584 2974 73520386 1 1890 560 519
17558 2952 73520396 1 1890 560 499
17523 2960 73520406 1 1900 560 459
17474 2990 73520416 1 1900 560 443
17416 3042 73520426 1 1920 550 459
17349 3116 73520436 1 1900 560 476
17277 3208 73520447 1 1900 560 494
17204 3310 73520457 1 1890 560 513
17126 3405 73520467 1 1890 560 523
17053 3476 73520477 1 1890 560 537
16989 3515 73520487 1 1870 560 533
16935 3522 73520497 1 1870 560 524
16892 3502 73520507 1 1860 560 481
16859 3465 73520517 1 1860 560 330
16835 3413 73520527 1 1860 560 39
16828 3354 73520537 0 1860 560 0
16828 3304 73520547 0 1860 560 0
16856 3265 73520557 0 1860 560 0
16909 3242 73520567 0 1860 560 0
16991 3234 73520577 0 1860 550 0
17102 3226 73520587 0 1860 550 0
17241 3226 73520597 0 1860 550 0
17396 3218 73520607 0 1870 550 0
17555 3211 73520617 0 1880 540 0
17714 3202 73520627 0 1900 540 0
17862 3193 73520637 0 1900 540 0
17988 3193 73520642 1 1910 530 293
18078 3200 73520652 1 1910 530 312
18127 3207 73520662 1 1910 530 398
18141 3207 73520672 1 1910 540 393
18148 3207 73520682 1 1900 550 237
18148 3207 73520692 1 1900 550 1
18148 3207 73520702 0 1890 550 0
18160 3229 73520712 0 1890 550 0
18182 3264 73520722 0 1890 550 0
18217 3319 73520732 0 1890 550 0
18264 3398 73520742 0 1890 550 0
18320 3495 73520752 0 1890 550 0
18383 3610 73520762 0 1890 550 0
18450 3730 73520772 0 1890 550 0
18511 3839 73520782 0 1890 550 0
18561 3937 73520792 1 1890 550 243
18599 4014 73520802 1 1880 540 497
18619 4065 73520812 1 1880 540 606
18627 4091 73520822 1 1880 540 615
18627 4082 73520832 1 1880 540 626
18607 4025 73520842 1 1880 540 663
18580 3918 73520852 1 1880 540 677
18546 3776 73520862 1 1880 540 669
18514 3606 73520872 1 1890 550 655
18487 3442 73520882 1 1890 550 611
18479 3305 73520892 1 1890 550 497
18479 3198 73520902 1 1900 550 282
18487 3128 73520912 1 1900 550 1
18518 3095 73520922 0 1910 540 0
18564 3095 73520932 0 1910 540 0
18621 3134 73520942 0 1910 540 0
18687 3202 73520952 0 1910 540 0
18759 3304 73520962 0 1910 540 0
18839 3440 73520972 0 1910 540 0
18924 3601 73520982 0 1910 540 0
19010 3767 73520993 0 1910 530 0
19091 3914 73521003 0 1910 530 0
19164 4021 73521013 0 1910 530 0
19229 4094 73521022 1 1910 530 310
19276 4133 73521032 1 1910 530 422
19308 4133 73521042 1 1900 520 504
19316 4104 73521052 1 1900 520 575
19307 4016 73521062 1 1910 530 614
19283 3888 73521072 1 1910 530 631
19244 3728 73521082 1 1910 530 647
19198 3563 73521092 1 1910 530 641
19156 3416 73521102 1 1910 530 640
19118 3291 73521112 1 1910 540 568
19091 3202 73521122 1 1910 540 488
19083 3146 73521132 1 1910 540 384
19071 3117 73521142 1 1910 540 302
19071 3117 73521152 1 1900 550 235
19071 3143 73521162 1 1900 550 241
19071 3194 73521172 1 1890 550 277
19060 3278 73521182 1 1890 550 314
19035 3389 73521192 1 1890 550 336
18985 3509 73521202 1 1890 550 395
18915 3616 73521212 1 1890 550 439
18832 3690 73521223 1 1890 550 485
18746 3720 73521233 1 1890 550 504
18673 3720 73521243 1 1890 550 503
18623 3704 73521253 1 1890 550 501
18600 3667 73521263 1 1890 550 504
18609 3609 73521273 1 1890 550 510
18645 3533 73521283 1 1890 550 509
18715 3447 73521293 1 1890 550 501
18823 3363 73521303 1 1890 550 493
18969 3298 73521313 1 1890 550 467
19141 3255 73521323 1 1890 550 430
19326 3234 73521333 1 1890 550 404
19510 3234 73521343 1 1890 550 398
19682 3255 73521353 1 1890 550 402
19830 3290 73521363 1 1900 550 396
19946 3338 73521373 1 1900 550 415
20028 3395 73521383 1 1910 540 437
20074 3456 73521393 1 1910 540 452
20085 3514 73521403 1 1910 540 471
20071 3565 73521413 1 1910 540 474
20025 3601 73521424 1 1910 540 492
19956 3611 73521434 1 1910 540 527
19872 3611 73521444 1 1910 540 557
19785 3571 73521454 1 1910 540 577
19709 3510 73521464 1 1910 540 585
19655 3438 73521474 1 1910 540 586
19631 3361 73521484 1 1910 540 585
19631 3294 73521494 1 1910 540 575
19653 3243 73521504 1 1910 540 579
19689 3208 73521514 1 1910 540 578
19739 3197 73521524 1 1910 540 546
19808 3188 73521534 1 1910 540 549
19886 3210 73521544 1 1910 540 538
19964 3244 73521554 1 1910 540 537
20035 3292 73521564 1 1910 540 533
20088 3353 73521574 1 1910 540 538
20122 3423 73521584 1 1910 540 543
20132 3495 73521594 1 1910 540 554
20139 3558 73521604 1 1910 540 553
20121 3601 73521614 1 1930 540 570
20102 3613 73521625 1 1930 540 571
20085 3620 73521635 1 1940 540 570
20077 3583 73521645 1 1940 540 582
20077 3525 73521655 1 1940 540 591
20085 3451 73521665 1 1940 540 589
20108 3366 73521675 1 1930 540 587
20135 3287 73521685 1 1930 540 585
20170 3225 73521695 1 1910 540 579
20213 3179 73521705 1 1910 540 570
20268 3154 73521715 1 1910 540 563
20333 3154 73521725 1 1930 540 552
20409 3154 73521735 1 1930 540 543
20495 3188 73521745 1 1940 540 541
20582 3230 73521755 1 1940 540 542
20662 3283 73521765 1 1940 540 543
20729 3343 73521775 1 1940 540 549
20783 3402 73521785 1 1940 540 564
20822 3448 73521795 1 1940 540 588
20847 3474 73521805 1 1940 540 581
20864 3474 73521815 1 1940 540 572
20876 3457 73521826 1 1940 540 572
20890 3414 73521836 1 1940 540 570
20907 3357 73521846 1 1940 540 569
20914 3293 73521856 1 1940 540 570
20924 3236 73521866 1 1940 540 563
20924 3193 73521876 1 1940 540 557
20917 3169 73521886 1 1940 540 558
20917 3160 73521896 1 1940 540 565
20909 3167 73521906 1 1940 540 558
20909 3190 73521916 1 1940 540 529
20917 3225 73521926 1 1940 540 519
20945 3271 73521936 1 1940 540 481
20983 3331 73521946 1 1940 540 478
21029 3391 73521956 1 1940 540 471
21081 3442 73521966 1 1940 540 469
21136 3477 73521976 1 1940 540 495
21185 3484 73521986 1 1940 540 507
21236 3467 73521996 1 1940 540 523
21284 3430 73522006 1 1940 540 531
21326 3379 73522016 1 1940 540 533
21355 3322 73522027 1 1940 540 536
21362 3265 73522037 1 1940 540 538
21362 3220 73522047 1 1940 540 534
21351 3188 73522057 1 1940 540 533
21342 3170 73522067 1 1940 540 538
21342 3170 73522077 1 1940 530 547
21342 3170 73522087 1 1940 530 536
21342 3193 73522097 1 1940 530 530
21360 3227 73522107 1 1940 530 507
21381 3273 73522117 1 1940 540 496
21413 3329 73522127 1 1940 540 482
21455 3385 73522137 1 1940 540 481
21502 3433 73522147 1 1940 540 502
21549 3463 73522157 1 1940 540 504
21593 3471 73522167 1 1940 540 531
21631 3471 73522177 1 1940 540 529
21668 3449 73522187 1 1960 540 529
21706 3415 73522197 1 1960 540 542
21742 3363 73522207 1 1970 540 548
21776 3301 73522217 1 1970 540 549
21809 3236 73522228 1 1970 540 551
21845 3177 73522238 1 1970 540 555
21888 3133 73522248 1 1970 540 556
21942 3102 73522258 1 1970 540 567
22005 3085 73522268 1 1960 530 568
22081 3085 73522278 1 1960 530 551
22164 3100 73522288 1 1960 530 551
22253 3131 73522298 1 1950 530 534
22335 3176 73522308 1 1950 530 529
22399 3226 73522318 1 1940 530 538
22439 3281 73522328 1 1940 530 533
22449 3337 73522338 1 1940 530 533
22440 3384 73522348 1 1940 530 547
22410 3421 73522358 1 1950 530 554
22369 3440 73522368 1 1950 530 554
22327 3440 73522378 1 1950 530 549
22292 3415 73522388 1 1940 530 541
22269 3372 73522398 1 1940 530 541
22258 3315 73522408 1 1940 530 541
22258 3247 73522418 1 1940 530 542
22265 3179 73522429 1 1940 530 539
22291 3120 73522439 1 1940 530 541
22318 3073 73522449 1 1940 530 545
22354 3046 73522459 1 1940 530 548
22399 3038 73522469 1 1940 530 548
22457 3038 73522479 1 1940 530 536
22530 3057 73522489 1 1950 530 541
22609 3088 73522499 1 1950 530 515
22696 3130 73522509 1 1960 530 510
22780 3175 73522519 1 1960 530 501
22859 3219 73522529 1 1960 530 504
22933 3255 73522539 1 1960 530 515
23000 3277 73522549 1 1960 530 546
23064 3277 73522559 1 1960 530 570
23127 3270 73522569 1 1980 530 575
23178 3239 73522579 1 1980 530 583
23221 3196 73522589 1 1990 520 585
23247 3150 73522599 1 1990 520 581
23247 3104 73522609 1 1990 520 579
23225 3064 73522619 1 1990 520 569
23174 3036 73522630 1 2000 530 477
23098 3027 73522640 1 2000 530 259
23053 3027 73522650 0 2000 530 0
22896 3051 73522660 0 2000 530 0
22783 3098 73522670 0 2000 530 0
22675 3172 73522680 0 2000 530 0
22568 3284 73522690 0 1980 540 0
22468 3432 73522700 0 1980 530 0
22365 3602 73522710 0 1960 530 0
22254 3767 73522720 0 1930 510 0
22149 3901 73522730 0 1910 500 0
22068 3989 73522740 0 1890 490 0
22025 4030 73522750 0 1880 480 0
22016 4037 73522760 0 1850 470 0
22016 4029 73522770 1 1840 460 493
22026 4020 73522780 1 1840 460 659
22026 4011 73522790 1 1840 460 733
22026 4011 73522800 1 1840 470 741
22026 4011 73522810 1 1840 480 746
22018 4011 73522820 1 1860 490 744
22018 4011 73522830 1 1870 510 682
22018 4011 73522840 1 1880 520 493
22018 4011 73522850 1 1890 520 125
