275
26570 2970 73997062 1 1930 580 227
26606 3095 73997072 1 1930 580 370
26624 3171 73997082 1 1930 570 476
26638 3231 73997092 1 1940 570 561
26638 3260 73997102 1 1940 560 570
26638 3252 73997112 1 1950 560 593
26638 3191 73997122 1 1950 560 625
26627 3077 73997132 1 1950 560 649
26607 2910 73997142 1 1950 560 650
26574 2709 73997152 1 1950 560 650
26533 2497 73997162 1 1940 560 648
26489 2296 73997172 1 1930 550 645
26447 2121 73997182 1 1910 540 636
26409 1978 73997192 1 1900 520 606
26379 1876 73997202 1 1880 500 565
26351 1815 73997212 1 1870 480 563
26315 1799 73997222 1 1860 450 574
26268 1811 73997232 1 1850 430 583
26208 1860 73997242 1 1830 410 603
26132 1938 73997252 1 1830 400 602
26048 2042 73997263 1 1830 390 614
25957 2163 73997273 1 1830 390 595
25864 2278 73997283 1 1830 400 591
25785 2368 73997293 1 1840 420 595
25717 2418 73997303 1 1840 450 582
25667 2426 73997313 1 1840 470 541
25631 2397 73997323 1 1850 500 451
25606 2342 73997333 1 1850 520 274
25606 2267 73997343 1 1850 540 16
25621 2186 73997353 0 1870 540 0
25660 2113 73997363 0 1870 540 0
25711 2054 73997373 0 1880 520 0
25780 2012 73997383 0 1870 500 0
25873 1981 73997393 0 1880 470 0
25996 1957 73997403 0 1870 450 0
26151 1938 73997413 0 1870 430 0
26314 1921 73997423 0 1870 420 0
26470 1903 73997433 0 1870 410 0
26615 1886 73997443 0 1860 400 0
26742 1877 73997457 1 1860 390 406
26840 1877 73997467 1 1850 390 443
26902 1877 73997477 1 1850 380 489
26937 1884 73997487 1 1850 370 481
26952 1903 73997497 1 1850 370 328
26969 1925 73997507 1 1850 360 74
26981 1941 73997517 0 1850 360 0
27028 2002 73997527 0 1860 360 0
27068 2061 73997537 0 1860 350 0
27121 2147 73997547 0 1860 350 0
27192 2265 73997557 0 1860 360 0
27279 2411 73997567 0 1870 370 0
27375 2570 73997577 0 1870 390 0
27424 2649 73997582 1 1890 420 81
27554 2866 73997592 1 1900 450 230
27617 2983 73997602 1 1910 470 470
27659 3070 73997612 1 1920 500 577
27679 3121 73997622 1 1940 530 620
27686 3130 73997632 1 1950 550 641
27677 3094 73997642 1 1950 560 658
27652 3009 73997652 1 1960 570 693
27620 2878 73997662 1 1960 570 696
27581 2709 73997672 1 1960 570 692
27541 2515 73997682 1 1950 560 692
27511 2326 73997692 1 1950 550 653
27487 2160 73997702 1 1940 530 580
27479 2032 73997712 1 1920 500 459
27471 1949 73997722 1 1910 470 273
27493 1910 73997732 1 1900 450 105
27513 1910 73997742 0 1890 410 0
27615 1951 73997752 0 1880 370 0
27720 2031 73997762 0 1870 340 0
27847 2170 73997772 0 1860 320 0
27991 2366 73997783 0 1870 330 0
28129 2602 73997793 0 1870 350 0
28245 2841 73997803 0 1880 380 0
28332 3035 73997813 0 1880 420 0
28384 3161 73997818 1 1890 450 278
28405 3217 73997828 1 1890 490 389
28405 3210 73997838 1 1890 530 459
28391 3149 73997848 1 1890 560 543
28358 3033 73997858 1 1900 590 620
28315 2866 73997868 1 1890 600 649
28260 2664 73997878 1 1890 600 660
28206 2446 73997888 1 1890 600 655
28161 2247 73997898 1 1860 580 655
28124 2084 73997908 1 1860 560 632
28105 1969 73997918 1 1850 530 560
28095 1906 73997928 1 1860 500 512
28088 1881 73997938 1 1850 460 497
28088 1892 73997948 1 1850 420 506
28088 1930 73997958 1 1850 380 515
28088 1993 73997968 1 1850 350 519
28088 2092 73997978 1 1850 330 527
28063 2220 73997988 1 1850 330 553
28010 2360 73997998 1 1860 340 544
27925 2491 73998008 1 1870 370 563
27824 2582 73998019 1 1880 400 578
27727 2624 73998029 1 1900 440 573
27649 2624 73998039 1 1910 470 577
27598 2584 73998049 1 1930 510 569
27584 2518 73998059 1 1940 540 573
27599 2432 73998069 1 1960 570 570
27654 2337 73998079 1 1960 570 570
27741 2243 73998089 1 1950 560 555
27855 2162 73998099 1 1930 520 536
27998 2100 73998109 1 1910 500 503
28157 2059 73998119 1 1890 460 481
28326 2049 73998129 1 1870 420 452
28496 2042 73998139 1 1860 380 446
28646 2066 73998149 1 1860 350 442
28768 2104 73998159 1 1850 320 445
28858 2159 73998169 1 1850 300 446
28912 2226 73998179 1 1850 310 476
28926 2298 73998189 1 1850 330 500
28926 2363 73998199 1 1860 360 512
28889 2408 73998209 1 1870 400 530
28832 2419 73998220 1 1880 440 556
28760 2404 73998230 1 1890 480 575
28682 2357 73998240 1 1890 520 585
28614 2283 73998250 1 1900 550 577
28566 2199 73998260 1 1890 560 577
28545 2117 73998270 1 1870 550 575
28552 2044 73998280 1 1860 520 577
28578 1990 73998290 1 1840 480 580
28618 1958 73998300 1 1840 440 577
28675 1950 73998310 1 1830 400 582
28744 1961 73998320 1 1840 370 583
28825 1992 73998330 1 1830 340 583
28911 2036 73998340 1 1840 320 581
28988 2093 73998350 1 1840 310 588
29049 2162 73998360 1 1840 310 582
29089 2238 73998370 1 1850 330 592
29099 2311 73998380 1 1860 350 596
29099 2365 73998390 1 1880 380 599
29086 2389 73998400 1 1890 420 598
29064 2379 73998410 1 1900 470 596
29043 2338 73998421 1 1910 500 598
29027 2271 73998431 1 1910 530 601
29027 2188 73998441 1 1910 530 606
29027 2102 73998451 1 1910 530 601
29050 2023 73998461 1 1910 500 603
29079 1959 73998471 1 1890 460 605
29113 1917 73998481 1 1890 410 602
29152 1896 73998491 1 1870 360 599
29203 1896 73998501 1 1860 320 591
29262 1914 73998511 1 1860 300 588
29328 1946 73998521 1 1860 300 583
29405 1988 73998531 1 1860 300 574
29482 2039 73998541 1 1860 300 564
29552 2093 73998551 1 1860 300 567
29614 2144 73998561 1 1860 300 580
29657 2182 73998571 1 1860 300 590
29682 2193 73998581 1 1860 300 580
29703 2193 73998591 1 1860 300 578
29720 2151 73998601 1 1870 300 586
29740 2100 73998611 1 1860 300 587
29756 2041 73998622 1 1860 300 586
29763 1984 73998632 1 1860 300 588
29763 1939 73998642 1 1860 300 587
29753 1907 73998652 1 1860 300 589
29745 1897 73998662 1 1850 300 597
29745 1890 73998672 1 1850 300 601
29745 1912 73998682 1 1850 300 593
29760 1945 73998692 1 1850 300 571
29784 1988 73998702 1 1850 300 567
29824 2041 73998712 1 1850 300 520
29876 2102 73998722 1 1850 300 527
29936 2161 73998732 1 1850 300 531
29999 2209 73998742 1 1850 300 547
30058 2238 73998752 1 1850 300 553
30108 2238 73998762 1 1850 300 561
30153 2200 73998772 1 1850 300 570
30188 2149 73998782 1 1850 300 575
30207 2085 73998792 1 1850 300 587
30214 2022 73998802 1 1850 300 587
30205 1965 73998812 1 1850 310 596
30194 1921 73998823 1 1850 300 591
30183 1895 73998833 1 1850 300 597
30183 1888 73998843 1 1840 300 605
30183 1896 73998853 1 1840 300 607
30191 1919 73998863 1 1830 300 585
30209 1954 73998873 1 1830 300 591
30241 2002 73998883 1 1830 300 560
30293 2063 73998893 1 1830 300 549
30359 2136 73998903 1 1830 300 526
30439 2214 73998913 1 1830 300 528
30519 2280 73998923 1 1830 320 539
30587 2320 73998933 1 1840 360 563
30637 2328 73998943 1 1830 410 557
30674 2305 73998953 1 1840 460 569
30698 2254 73998963 1 1850 490 600
30713 2191 73998973 1 1850 510 594
30723 2114 73998983 1 1850 500 606
30730 2039 73998993 1 1840 480 606
30739 1979 73999003 1 1840 440 607
30756 1930 73999013 1 1840 390 606
30787 1903 73999024 1 1830 340 608
30833 1895 73999034 1 1830 300 600
30896 1895 73999044 1 1830 300 590
30974 1915 73999054 1 1830 300 574
31065 1943 73999064 1 1830 300 544
31162 1983 73999074 1 1830 300 533
31254 2032 73999084 1 1840 300 534
31332 2093 73999094 1 1840 300 544
31377 2158 73999104 1 1850 300 548
31384 2220 73999114 1 1850 300 548
31355 2269 73999124 1 1850 310 551
31293 2297 73999134 1 1860 350 562
31216 2297 73999144 1 1870 410 574
31141 2264 73999154 1 1880 460 569
31079 2212 73999164 1 1890 490 566
31043 2142 73999174 1 1900 510 561
31035 2066 73999184 1 1890 490 564
31049 1993 73999194 1 1880 460 566
31083 1930 73999204 1 1870 420 571
31137 1883 73999214 1 1860 360 570
31207 1854 73999225 1 1850 320 572
31295 1846 73999235 1 1850 300 572
31340 1846 73999240 1 1850 300 569
31380 1846 73999245 1 1850 300 558
31415 1853 73999250 1 1850 300 560
31444 1864 73999255 1 1850 300 567
31467 1877 73999260 1 1850 300 555
31484 1894 73999265 1 1850 300 562
31493 1914 73999270 1 1850 300 554
31493 1935 73999275 1 1850 300 555
31493 1958 73999280 1 1850 300 553
31493 1981 73999285 1 1850 300 560
31493 2001 73999290 1 1850 300 577
31493 2020 73999295 1 1840 300 586
31493 2037 73999300 1 1840 300 595
31493 2052 73999305 1 1840 300 613
31493 2063 73999310 1 1840 300 624
31493 2071 73999315 1 1830 300 627
31493 2071 73999320 1 1830 300 625
31493 2071 73999325 1 1830 300 622
31493 2064 73999330 1 1830 300 624
31493 2052 73999335 1 1830 300 624
31493 2034 73999340 1 1830 300 623
31493 2009 73999345 1 1830 300 627
31493 1979 73999350 1 1830 300 634
31493 1944 73999355 1 1830 300 637
31493 1906 73999360 1 1830 300 637
31493 1866 73999365 1 1830 300 636
31493 1826 73999370 1 1830 300 634
31493 1788 73999375 1 1830 300 632
31493 1751 73999380 1 1830 300 627
31493 1719 73999385 1 1830 300 625
31493 1692 73999390 1 1830 300 602
31493 1671 73999395 1 1830 300 563
31493 1671 73999400 1 1830 300 503
31493 1679 73999405 1 1830 300 400
31493 1692 73999410 1 1830 300 182
31493 1710 73999415 1 1830 300 18
31493 1710 73999421 0 1820 300 0
31493 1760 73999426 0 1820 300 0
31493 1793 73999431 0 1820 300 0
31493 1830 73999436 0 1820 300 0
31493 1857 73999441 0 1820 300 0
31493 1888 73999446 0 1820 300 0
31485 1972 73999456 0 1830 300 0
31457 2104 73999466 0 1830 300 0
31410 2280 73999476 0 1830 310 0
31336 2475 73999486 0 1830 340 0
31244 2656 73999496 0 1830 380 0
31151 2782 73999506 0 1830 430 0
31062 2837 73999516 0 1830 470 0
31021 2837 73999525 1 1830 520 380
30947 2837 73999535 1 1830 560 660
30917 2837 73999545 1 1830 590 803
30908 2837 73999555 1 1840 620 813
30908 2844 73999565 1 1860 630 804
30908 2844 73999575 1 1880 630 753
30908 2844 73999585 1 1900 630 638
30908 2844 73999595 1 1920 630 389
