265
17866 18423 73361603 1 1820 570 281
17876 18474 73361613 1 1820 570 398
17876 18535 73361623 1 1820 580 547
17876 18606 73361633 1 1820 580 670
17868 18673 73361643 1 1820 580 743
17868 18729 73361653 1 1820 590 808
17868 18770 73361663 1 1830 590 842
17868 18791 73361673 1 1830 600 836
17868 18783 73361683 1 1830 600 832
17875 18724 73361693 1 1830 600 835
17875 18608 73361703 1 1830 600 833
17867 18429 73361713 1 1830 600 839
17842 18210 73361723 1 1830 600 832
17802 17987 73361733 1 1830 590 830
17757 17782 73361743 1 1830 580 790
17702 17614 73361753 1 1830 570 754
17648 17484 73361763 1 1830 560 715
17588 17397 73361773 1 1830 560 698
17525 17353 73361783 1 1810 550 693
17462 17353 73361793 1 1810 550 705
17395 17393 73361804 1 1800 540 709
17326 17467 73361814 1 1800 540 721
17261 17567 73361824 1 1800 540 712
17191 17679 73361834 1 1800 540 728
17124 17779 73361844 1 1800 540 729
17059 17858 73361854 1 1800 540 736
17001 17904 73361864 1 1800 540 733
16955 17915 73361874 1 1800 540 725
16916 17915 73361884 1 1800 540 701
16884 17881 73361894 1 1790 540 636
16855 17837 73361904 1 1790 530 485
16836 17782 73361914 1 1770 530 241
16836 17752 73361924 0 1770 530 0
16859 17668 73361934 0 1770 530 0
16906 17635 73361944 0 1770 540 0
16979 17627 73361954 0 1790 540 0
17087 17627 73361964 0 1790 540 0
17243 17650 73361974 0 1800 540 0
17430 17659 73361984 0 1800 540 0
17635 17659 73361994 0 1800 540 0
17832 17640 73362005 0 1800 540 0
18001 17633 73362013 1 1800 540 412
18125 17622 73362023 1 1810 540 464
18205 17622 73362033 1 1810 540 570
18246 17630 73362043 1 1830 540 645
18254 17630 73362053 1 1830 540 648
18254 17648 73362063 1 1830 540 619
18261 17669 73362073 1 1830 540 472
18274 17703 73362083 1 1830 540 211
18286 17726 73362093 0 1840 540 0
18360 17826 73362103 0 1840 540 0
18441 17922 73362113 0 1850 540 0
18540 18050 73362123 0 1850 540 0
18648 18207 73362133 0 1850 540 0
18759 18386 73362143 0 1840 550 0
18855 18569 73362154 1 1840 560 168
18924 18727 73362164 1 1830 560 372
18962 18845 73362174 1 1830 570 528
18971 18915 73362184 1 1830 580 605
18971 18932 73362194 1 1830 590 639
18961 18902 73362204 1 1830 600 657
18935 18809 73362214 1 1830 600 711
18902 18662 73362224 1 1830 600 737
18858 18476 73362234 1 1830 600 748
18811 18271 73362244 1 1830 600 740
18770 18085 73362254 1 1830 590 693
18739 17927 73362264 1 1830 590 599
18727 17801 73362274 1 1830 580 399
18718 17712 73362284 1 1830 570 98
18728 17658 73362294 0 1830 560 0
18758 17646 73362304 0 1830 550 0
18806 17683 73362314 0 1830 540 0
18877 17763 73362324 0 1830 540 0
18968 17889 73362334 0 1830 540 0
19072 18052 73362344 0 1830 540 0
19185 18239 73362355 0 1830 540 0
19298 18441 73362365 0 1830 550 0
19400 18631 73362374 1 1840 560 286
19485 18794 73362384 1 1840 560 408
19544 18907 73362394 1 1860 570 552
19576 18966 73362404 1 1860 580 597
19583 18959 73362414 1 1860 580 634
19573 18879 73362424 1 1870 590 673
19547 18741 73362434 1 1870 590 714
19502 18551 73362444 1 1870 600 729
19449 18341 73362454 1 1870 590 733
19400 18141 73362464 1 1870 590 725
19357 17972 73362474 1 1850 580 698
19320 17840 73362484 1 1850 570 631
19287 17749 73362494 1 1830 570 554
19255 17693 73362504 1 1830 560 522
19227 17670 73362514 1 1830 550 534
19205 17683 73362524 1 1830 550 534
19184 17727 73362534 1 1830 540 565
19155 17801 73362544 1 1830 540 582
19113 17910 73362554 1 1830 540 600
19056 18035 73362564 1 1830 540 605
18979 18157 73362575 1 1830 540 622
18898 18252 73362585 1 1830 540 666
18835 18305 73362595 1 1830 550 677
18794 18317 73362605 1 1830 550 673
18785 18300 73362615 1 1830 550 677
18795 18258 73362625 1 1830 550 671
18820 18189 73362635 1 1830 550 666
18876 18102 73362645 1 1830 550 646
18966 18005 73362655 1 1830 550 606
19090 17917 73362665 1 1830 550 532
19239 17847 73362675 1 1830 550 495
19401 17803 73362685 1 1830 550 442
19565 17792 73362695 1 1830 540 401
19726 17792 73362705 1 1830 540 381
19872 17823 73362715 1 1830 540 362
19991 17875 73362725 1 1840 540 371
20074 17941 73362735 1 1840 540 428
20120 18017 73362745 1 1850 540 494
20127 18096 73362755 1 1870 540 538
20095 18167 73362765 1 1870 540 567
20038 18217 73362776 1 1890 550 612
19959 18238 73362786 1 1890 550 630
19876 18227 73362796 1 1890 550 638
19806 18184 73362806 1 1890 550 634
19749 18117 73362816 1 1890 550 629
19720 18029 73362826 1 1890 550 628
19720 17941 73362836 1 1870 550 620
19727 17860 73362846 1 1870 550 618
19749 17799 73362856 1 1860 550 612
19778 17759 73362866 1 1860 550 610
19816 17739 73362876 1 1850 540 611
19863 17739 73362886 1 1850 540 589
19920 17760 73362896 1 1850 540 592
19980 17799 73362906 1 1850 540 594
20039 17859 73362916 1 1870 530 615
20087 17934 73362926 1 1870 540 637
20122 18022 73362936 1 1880 540 650
20133 18113 73362946 1 1880 540 676
20141 18190 73362956 1 1880 540 688
20132 18242 73362966 1 1890 550 698
20124 18256 73362977 1 1890 550 693
20117 18248 73362987 1 1890 550 691
20117 18202 73362997 1 1890 550 694
20117 18129 73363007 1 1890 550 702
20124 18038 73363017 1 1890 550 694
20144 17944 73363027 1 1890 550 694
20166 17860 73363037 1 1890 550 692
20195 17798 73363047 1 1890 550 678
20230 17754 73363057 1 1890 550 674
20276 17732 73363067 1 1880 540 666
20326 17732 73363077 1 1880 540 669
20384 17752 73363087 1 1880 540 634
20450 17790 73363097 1 1880 540 631
20514 17844 73363107 1 1880 530 634
20575 17909 73363117 1 1880 540 628
20624 17975 73363127 1 1880 540 634
20655 18030 73363137 1 1880 540 651
20674 18064 73363147 1 1880 540 653
20684 18072 73363157 1 1880 540 653
20691 18053 73363167 1 1880 540 655
20701 18010 73363178 1 1880 540 666
20708 17954 73363188 1 1880 540 667
20721 17889 73363198 1 1880 540 667
20732 17827 73363208 1 1880 540 661
20739 17781 73363218 1 1880 540 656
20739 17747 73363228 1 1880 540 641
20739 17736 73363238 1 1880 540 638
20731 17736 73363248 1 1880 540 636
20731 17754 73363258 1 1880 530 626
20731 17791 73363268 1 1880 530 599
20740 17844 73363278 1 1880 530 595
20759 17913 73363288 1 1880 530 572
20794 17992 73363298 1 1880 540 571
20842 18069 73363308 1 1880 540 575
20898 18131 73363318 1 1880 540 610
20957 18168 73363328 1 1880 540 617
21015 18168 73363338 1 1890 550 626
21071 18148 73363348 1 1890 550 628
21124 18098 73363358 1 1890 550 632
21170 18027 73363368 1 1890 550 630
21203 17951 73363379 1 1890 550 624
21212 17877 73363389 1 1890 550 627
21219 17816 73363399 1 1890 550 622
21201 17775 73363409 1 1890 550 624
21178 17748 73363419 1 1880 540 614
21158 17740 73363429 1 1880 540 610
21151 17740 73363439 1 1880 540 617
21143 17755 73363449 1 1880 540 605
21143 17784 73363459 1 1880 530 605
21173 17829 73363469 1 1880 530 566
21208 17893 73363479 1 1880 540 580
21259 17968 73363489 1 1880 540 568
21317 18047 73363499 1 1880 540 577
21374 18117 73363509 1 1880 540 613
21434 18169 73363519 1 1890 550 615
21482 18196 73363529 1 1890 550 648
21522 18203 73363539 1 1890 550 648
21557 18190 73363549 1 1890 550 649
21586 18154 73363559 1 1890 550 652
21612 18097 73363569 1 1890 550 658
21637 18022 73363580 1 1890 550 663
21655 17942 73363590 1 1900 550 666
21671 17867 73363600 1 1900 550 663
21691 17804 73363610 1 1910 540 665
21719 17757 73363620 1 1910 540 664
21754 17723 73363630 1 1910 540 667
21797 17705 73363640 1 1910 530 667
21848 17705 73363650 1 1910 530 658
21903 17721 73363660 1 1910 530 653
21966 17757 73363670 1 1910 530 647
22037 17808 73363680 1 1900 520 639
22103 17876 73363690 1 1900 510 654
22158 17951 73363700 1 1900 510 671
22189 18027 73363710 1 1900 500 681
22189 18095 73363720 1 1900 500 682
22162 18144 73363730 1 1900 500 693
22118 18171 73363740 1 1900 500 700
22063 18171 73363750 1 1910 500 698
22010 18160 73363760 1 1910 500 694
21966 18125 73363770 1 1910 500 682
21937 18074 73363781 1 1910 500 681
21930 18007 73363791 1 1900 500 682
21930 17934 73363801 1 1900 500 680
21954 17859 73363811 1 1900 500 680
21987 17795 73363821 1 1900 500 679
22038 17746 73363831 1 1900 500 678
22092 17714 73363841 1 1890 490 678
22154 17705 73363851 1 1890 490 663
22229 17705 73363861 1 1890 490 663
22309 17721 73363871 1 1890 490 662
22396 17752 73363881 1 1890 490 667
22486 17792 73363891 1 1900 490 674
22570 17841 73363901 1 1900 490 664
22642 17896 73363911 1 1910 480 675
22705 17945 73363921 1 1920 490 686
22758 17984 73363931 1 1920 490 691
22805 18006 73363941 1 1920 490 694
22850 18006 73363951 1 1920 490 696
22900 17983 73363961 1 1920 490 698
22955 17940 73363971 1 1930 490 710
23005 17881 73363982 1 1930 490 713
23045 17815 73363992 1 1940 490 708
23071 17753 73364002 1 1940 490 709
23071 17702 73364012 1 1940 490 710
23071 17664 73364022 1 1940 490 702
23037 17639 73364032 1 1940 490 682
22978 17632 73364042 1 1940 480 558
22891 17632 73364052 1 1940 490 281
22836 17648 73364062 0 1940 490 0
22649 17709 73364072 0 1940 490 0
22522 17786 73364082 0 1940 490 0
22393 17905 73364092 0 1930 490 0
22255 18065 73364102 0 1930 490 0
22109 18262 73364112 0 1920 500 0
21957 18468 73364122 0 1910 500 0
21810 18663 73364132 0 1910 500 0
21677 18826 73364142 0 1910 510 0
21572 18936 73364152 0 1920 520 0
21500 18979 73364162 0 1940 530 0
21452 18953 73364172 0 1940 540 0
21438 18916 73364177 1 1950 550 801
21424 18874 73364187 1 1960 570 874
21415 18862 73364197 1 1960 580 916
21415 18862 73364207 1 1960 600 926
21408 18862 73364217 1 1970 610 914
21408 18862 73364227 1 1940 620 849
21395 18846 73364237 1 1920 630 670
21395 18816 73364247 1 1900 640 300
