277
26577 10543 73976682 1 1890 550 302
26610 10676 73976692 1 1890 560 422
26625 10734 73976702 1 1890 560 494
26635 10767 73976712 1 1890 570 548
26635 10767 73976722 1 1910 570 618
26635 10721 73976732 1 1910 580 637
26635 10638 73976742 1 1930 580 655
26635 10518 73976752 1 1930 580 669
26628 10367 73976762 1 1920 590 674
26612 10198 73976772 1 1920 590 669
26592 10031 73976782 1 1900 600 667
26576 9877 73976792 1 1900 600 657
26561 9750 73976802 1 1900 590 642
26545 9661 73976812 1 1900 590 588
26524 9605 73976822 1 1900 590 594
26497 9581 73976832 1 1900 580 602
26458 9590 73976842 1 1900 580 606
26407 9629 73976852 1 1900 580 622
26339 9703 73976862 1 1880 580 633
26253 9807 73976872 1 1880 580 646
26160 9917 73976883 1 1860 580 679
26064 10015 73976893 1 1860 580 699
25984 10087 73976903 1 1850 580 713
25920 10128 73976913 1 1850 580 708
25875 10139 73976923 1 1830 580 694
25844 10146 73976933 1 1830 580 644
25816 10128 73976943 1 1830 570 592
25795 10093 73976953 1 1830 570 456
25786 10048 73976963 1 1830 570 249
25776 9998 73976973 1 1830 570 13
25792 9952 73976983 0 1850 570 0
25835 9922 73976993 0 1850 570 0
25910 9913 73977003 0 1860 570 0
26018 9903 73977013 0 1850 570 0
26161 9903 73977023 0 1850 570 0
26336 9903 73977033 0 1850 570 0
26531 9895 73977043 0 1850 570 0
26732 9876 73977053 0 1850 570 0
26924 9839 73977063 0 1840 560 0
27012 9821 73977073 1 1860 560 482
27222 9784 73977083 1 1860 560 548
27306 9775 73977093 1 1860 570 558
27347 9775 73977103 1 1880 570 608
27347 9783 73977113 1 1880 570 634
27347 9801 73977123 1 1900 580 577
27337 9829 73977133 1 1900 580 411
27325 9870 73977143 1 1900 590 101
27325 9927 73977153 0 1900 590 0
27356 10004 73977163 0 1900 590 0
27405 10105 73977173 0 1900 590 0
27466 10234 73977183 0 1900 590 0
27522 10380 73977193 0 1920 580 0
27565 10520 73977203 0 1910 580 0
27581 10582 73977213 1 1930 570 325
27618 10730 73977223 1 1930 580 464
27630 10785 73977233 1 1930 580 575
27640 10813 73977243 1 1930 580 638
27640 10813 73977253 1 1930 580 696
27640 10773 73977263 1 1920 590 711
27640 10691 73977273 1 1920 590 750
27640 10565 73977283 1 1900 600 750
27631 10409 73977293 1 1900 600 751
27615 10231 73977303 1 1900 600 741
27598 10062 73977313 1 1900 600 678
27590 9915 73977323 1 1900 590 590
27590 9795 73977333 1 1900 590 423
27602 9710 73977343 1 1900 590 138
27634 9668 73977353 0 1900 580 0
27686 9668 73977363 0 1900 580 0
27756 9727 73977373 0 1900 580 0
27840 9834 73977383 0 1910 580 0
27932 9986 73977393 0 1930 570 0
28018 10160 73977403 0 1940 570 0
28095 10332 73977414 0 1940 570 0
28129 10410 73977423 1 1940 570 72
28211 10593 73977433 1 1940 570 437
28250 10669 73977443 1 1940 570 560
28276 10706 73977453 1 1950 580 574
28284 10706 73977463 1 1950 580 638
28284 10641 73977473 1 1950 580 672
28272 10530 73977483 1 1930 580 696
28252 10376 73977493 1 1940 590 708
28228 10199 73977503 1 1940 590 715
28201 10023 73977513 1 1940 590 706
28182 9867 73977523 1 1920 590 691
28167 9743 73977533 1 1920 590 663
28160 9661 73977543 1 1900 590 620
28160 9619 73977553 1 1900 590 630
28160 9619 73977563 1 1880 590 629
28153 9657 73977573 1 1870 590 627
28146 9730 73977583 1 1870 590 640
28121 9842 73977593 1 1870 590 636
28066 9978 73977603 1 1870 590 628
27981 10116 73977613 1 1870 590 636
27872 10233 73977624 1 1880 590 676
27753 10312 73977634 1 1880 590 699
27668 10354 73977644 1 1900 590 695
27616 10362 73977654 1 1900 590 688
27604 10348 73977664 1 1900 590 690
27618 10307 73977674 1 1900 580 683
27654 10245 73977684 1 1900 580 641
27719 10165 73977694 1 1900 580 628
27813 10078 73977704 1 1900 580 597
27949 9996 73977714 1 1910 580 512
28109 9926 73977724 1 1910 580 466
28292 9876 73977734 1 1930 570 408
28488 9851 73977744 1 1930 570 356
28681 9851 73977754 1 1930 580 334
28855 9881 73977764 1 1950 580 356
28995 9926 73977774 1 1960 580 456
29094 9986 73977784 1 1980 580 477
29151 10051 73977794 1 1980 580 541
29164 10117 73977804 1 1990 570 571
29144 10172 73977814 1 2020 580 636
29093 10207 73977825 1 2030 580 658
29019 10215 73977835 1 2030 580 703
28935 10196 73977845 1 2050 580 695
28862 10154 73977855 1 2050 580 705
28801 10092 73977865 1 2030 580 698
28765 10017 73977875 1 2030 580 693
28757 9939 73977885 1 2030 580 683
28757 9871 73977895 1 2030 580 682
28788 9816 73977905 1 2030 580 679
28822 9785 73977915 1 2030 570 682
28867 9777 73977925 1 2030 570 674
28926 9790 73977935 1 2030 570 663
28993 9830 73977945 1 2030 570 651
29062 9889 73977955 1 2030 570 671
29122 9962 73977965 1 2030 570 668
29166 10041 73977975 1 2030 580 686
29192 10111 73977985 1 2030 580 707
29201 10168 73977995 1 2030 580 708
29201 10202 73978005 1 2030 580 722
29193 10211 73978015 1 2050 580 715
29193 10203 73978026 1 2050 580 720
29193 10165 73978036 1 2060 570 730
29193 10106 73978046 1 2060 570 734
29185 10030 73978056 1 2060 570 724
29185 9949 73978066 1 2050 580 723
29185 9872 73978076 1 2050 580 727
29206 9810 73978086 1 2030 580 709
29242 9763 73978096 1 2030 580 711
29299 9736 73978106 1 2030 580 700
29369 9736 73978116 1 2030 580 701
29455 9748 73978126 1 2030 580 680
29546 9781 73978136 1 2030 580 679
29628 9833 73978146 1 2020 580 670
29703 9897 73978156 1 2020 580 662
29764 9962 73978166 1 2000 580 684
29805 10016 73978176 1 2000 580 705
29829 10049 73978186 1 1990 590 711
29838 10056 73978196 1 1990 590 701
29838 10045 73978206 1 1970 590 694
29838 10011 73978216 1 1970 590 699
29838 9955 73978227 1 1970 590 700
29845 9887 73978237 1 1970 590 699
29845 9817 73978247 1 1970 590 698
29845 9763 73978257 1 1970 590 688
29845 9730 73978267 1 1970 590 688
29845 9721 73978277 1 1970 590 698
29845 9714 73978287 1 1970 590 698
29845 9743 73978297 1 1970 590 692
29855 9785 73978307 1 1970 590 683
29876 9846 73978317 1 1950 590 634
29912 9923 73978327 1 1950 590 623
29961 10005 73978337 1 1940 590 595
30023 10077 73978347 1 1940 600 613
30086 10131 73978357 1 1940 600 634
30151 10157 73978367 1 1940 600 645
30213 10157 73978377 1 1940 600 659
30264 10120 73978387 1 1920 600 663
30306 10066 73978397 1 1920 600 663
30330 9995 73978407 1 1920 600 667
30338 9912 73978417 1 1920 600 680
30330 9832 73978428 1 1920 600 676
30315 9764 73978438 1 1940 600 663
30300 9714 73978448 1 1940 600 648
30293 9689 73978458 1 1940 600 638
30293 9689 73978468 1 1940 600 628
30293 9696 73978478 1 1940 600 613
30317 9727 73978488 1 1940 600 594
30353 9772 73978498 1 1940 600 602
30408 9831 73978508 1 1940 600 592
30472 9903 73978518 1 1940 600 597
30534 9978 73978528 1 1940 600 594
30587 10044 73978538 1 1940 600 610
30624 10092 73978548 1 1960 600 633
30651 10115 73978558 1 1960 600 638
30682 10115 73978568 1 1980 600 645
30713 10084 73978578 1 1990 600 656
30747 10036 73978588 1 1990 600 657
30781 9968 73978598 1 2010 590 659
30811 9893 73978608 1 2010 590 656
30844 9817 73978618 1 2010 590 660
30883 9744 73978629 1 2030 590 663
30926 9688 73978639 1 2030 590 664
30978 9647 73978649 1 2050 600 666
31034 9627 73978659 1 2050 600 674
31092 9627 73978669 1 2050 600 669
31160 9659 73978679 1 2050 600 665
31223 9708 73978689 1 2050 600 658
31283 9771 73978699 1 2050 600 676
31328 9847 73978709 1 2070 590 667
31349 9924 73978719 1 2070 590 683
31349 9990 73978729 1 2080 590 698
31318 10041 73978739 1 2080 590 710
31278 10067 73978749 1 2080 590 700
31241 10067 73978759 1 2080 590 687
31210 10046 73978769 1 2080 590 684
31202 9996 73978779 1 2080 590 683
31193 9924 73978789 1 2080 590 683
31193 9837 73978799 1 2080 590 685
31206 9750 73978809 1 2080 590 676
31232 9676 73978819 1 2080 590 674
31262 9624 73978830 1 2080 590 668
31308 9595 73978840 1 2070 590 658
31368 9588 73978850 1 2070 590 646
31398 9588 73978855 1 2070 590 632
31425 9603 73978860 1 2050 600 615
31449 9615 73978865 1 2050 600 620
31469 9632 73978870 1 2050 600 598
31484 9652 73978875 1 2050 600 571
31492 9675 73978880 1 2050 600 563
31492 9701 73978885 1 2030 600 566
31492 9729 73978890 1 2030 600 570
31492 9759 73978895 1 2040 610 567
31492 9792 73978900 1 2040 610 566
31492 9817 73978905 1 2030 610 583
31492 9841 73978910 1 2030 610 608
31492 9863 73978915 1 2010 610 632
31492 9881 73978920 1 1990 620 642
31492 9894 73978925 1 1990 620 666
31492 9902 73978930 1 1970 620 691
31492 9902 73978935 1 1970 620 703
31492 9902 73978940 1 1950 620 705
31492 9902 73978945 1 1950 620 703
31492 9902 73978950 1 1940 620 700
31492 9889 73978955 1 1940 620 698
31492 9872 73978960 1 1920 630 698
31492 9851 73978965 1 1920 630 698
31492 9823 73978970 1 1920 630 699
31492 9790 73978975 1 1920 630 700
31492 9753 73978980 1 1920 630 699
31492 9714 73978985 1 1920 630 699
31492 9674 73978990 1 1920 630 698
31492 9635 73978995 1 1920 630 698
31492 9600 73979000 1 1920 630 694
31492 9567 73979005 1 1920 630 675
31492 9540 73979010 1 1920 630 653
31492 9517 73979015 1 1920 630 625
31492 9498 73979020 1 1920 630 581
31492 9484 73979025 1 1920 630 516
31492 9474 73979031 1 1920 630 444
31492 9483 73979036 1 1920 630 310
31492 9497 73979041 1 1920 630 150
31492 9515 73979046 1 1920 630 16
31492 9515 73979051 0 1920 630 0
31492 9566 73979056 0 1920 630 0
31492 9603 73979061 0 1920 630 0
31492 9649 73979066 0 1920 630 0
31492 9707 73979071 0 1920 630 0
31492 9761 73979076 0 1920 630 0
31492 9827 73979081 0 1920 630 0
31492 9998 73979091 0 1940 620 0
31470 10207 73979101 0 1950 610 0
31429 10421 73979111 0 1960 600 0
31362 10589 73979121 0 1980 600 0
31288 10693 73979131 0 1990 590 0
31227 10712 73979141 0 2000 580 0
31194 10703 73979141 1 2030 590 657
31194 10687 73979151 1 2040 590 762
31194 10678 73979161 1 2070 590 796
31203 10678 73979171 1 2070 590 810
31203 10686 73979181 1 2090 600 804
31203 10686 73979191 1 2100 600 761
31203 10677 73979201 1 2120 600 615
31203 10663 73979211 1 2120 600 343
