258
9250 14562 72925866 1 1900 480 331
9250 14607 72925876 1 1890 490 421
9257 14653 72925886 1 1880 500 517
9257 14691 72925896 1 1870 510 585
9257 14705 72925906 1 1880 520 588
9249 14696 72925916 1 1860 520 590
9239 14640 72925926 1 1850 530 597
9222 14536 72925936 1 1850 530 592
9196 14386 72925946 1 1850 530 592
9159 14202 72925956 1 1850 540 579
9113 14009 72925966 1 1850 540 551
9063 13831 72925976 1 1840 540 500
9012 13684 72925986 1 1840 550 444
8970 13581 72925996 1 1830 550 393
8930 13522 72926006 1 1830 550 386
8891 13509 72926016 1 1830 560 404
8850 13534 72926026 1 1830 560 429
8802 13592 72926036 1 1830 560 448
8749 13677 72926046 1 1810 560 453
8684 13781 72926056 1 1810 560 456
8601 13889 72926067 1 1800 560 433
8507 13985 72926077 1 1800 560 445
8410 14055 72926087 1 1800 560 457
8328 14092 72926097 1 1800 560 473
8268 14092 72926107 1 1800 550 471
8223 14077 72926117 1 1800 550 411
8196 14031 72926127 1 1800 550 191
8188 14000 72926137 0 1800 550 0
8198 13889 72926147 0 1800 550 0
8238 13817 72926157 0 1800 550 0
8293 13759 72926167 0 1800 550 0
8366 13720 72926177 0 1800 550 0
8456 13694 72926187 0 1800 550 0
8567 13675 72926197 0 1800 550 0
8706 13668 72926207 0 1800 540 0
8853 13657 72926217 0 1800 540 0
8999 13638 72926227 0 1810 540 0
9132 13620 72926237 0 1830 530 0
9248 13598 72926247 0 1840 530 0
9342 13588 72926247 1 1840 540 431
9406 13578 72926257 1 1840 540 459
9444 13578 72926267 1 1840 540 496
9455 13587 72926277 1 1830 550 475
9462 13600 72926287 1 1810 550 255
9462 13607 72926297 0 1800 560 0
9484 13648 72926307 0 1800 560 0
9515 13694 72926317 0 1790 560 0
9563 13764 72926327 0 1790 560 0
9630 13858 72926337 0 1770 560 0
9710 13973 72926347 0 1770 560 0
9791 14099 72926357 0 1770 550 0
9868 14227 72926367 0 1770 550 0
9934 14346 72926377 0 1790 540 0
9962 14399 72926392 1 1790 540 227
10029 14534 72926402 1 1800 530 396
10056 14595 72926412 1 1800 530 513
10065 14627 72926422 1 1800 530 557
10065 14627 72926432 1 1800 530 578
10052 14572 72926442 1 1810 530 597
10021 14463 72926452 1 1810 540 617
9982 14307 72926462 1 1830 540 612
9937 14122 72926472 1 1830 540 606
9898 13935 72926482 1 1830 540 532
9874 13771 72926492 1 1830 550 390
9867 13644 72926502 1 1830 550 127
9877 13561 72926512 0 1830 550 0
9911 13529 72926522 0 1830 550 0
9961 13549 72926532 0 1830 560 0
10030 13614 72926542 0 1830 560 0
10113 13720 72926552 0 1830 560 0
10208 13860 72926562 0 1830 560 0
10310 14030 72926572 0 1830 560 0
10410 14214 72926582 0 1830 560 0
10492 14391 72926593 0 1830 550 0
10550 14541 72926597 1 1830 550 265
10586 14646 72926607 1 1830 550 422
10597 14704 72926617 1 1830 540 502
10607 14717 72926627 1 1830 540 530
10607 14683 72926637 1 1830 540 561
10607 14596 72926647 1 1840 530 597
10596 14461 72926657 1 1840 530 607
10577 14290 72926667 1 1830 530 621
10550 14107 72926677 1 1830 540 622
10510 13932 72926687 1 1830 540 592
10466 13784 72926697 1 1830 540 522
10427 13667 72926707 1 1830 540 422
10396 13591 72926717 1 1830 550 336
10379 13553 72926727 1 1830 550 338
10370 13553 72926737 1 1830 550 359
10370 13586 72926747 1 1830 550 425
10361 13648 72926757 1 1830 550 461
10345 13742 72926767 1 1830 550 482
10306 13858 72926777 1 1830 550 527
10242 13983 72926787 1 1830 550 533
10160 14096 72926798 1 1830 550 585
10075 14178 72926808 1 1830 550 621
10010 14224 72926818 1 1830 550 638
9969 14233 72926828 1 1830 550 634
9957 14216 72926838 1 1830 550 627
9964 14173 72926848 1 1830 550 618
10005 14099 72926858 1 1830 550 613
10076 14007 72926868 1 1830 550 579
10184 13908 72926878 1 1830 550 519
10322 13812 72926888 1 1830 550 449
10472 13742 72926898 1 1830 550 394
10635 13696 72926908 1 1830 550 338
10803 13683 72926918 1 1830 550 319
10972 13683 72926928 1 1830 550 328
11135 13716 72926938 1 1840 550 347
11279 13767 72926948 1 1860 550 382
11394 13831 72926958 1 1870 550 411
11468 13905 72926968 1 1870 550 469
11497 13979 72926978 1 1890 550 494
11477 14043 72926988 1 1890 550 519
11421 14086 72926999 1 1890 550 564
11337 14097 72927009 1 1890 550 599
11237 14088 72927019 1 1890 550 620
11144 14050 72927029 1 1890 550 616
11069 13991 72927039 1 1890 550 610
11022 13919 72927049 1 1890 550 599
11013 13842 72927059 1 1890 550 590
11031 13769 72927069 1 1890 550 570
11072 13709 72927079 1 1890 550 560
11125 13669 72927089 1 1890 550 562
11184 13658 72927099 1 1890 550 561
11250 13658 72927109 1 1890 550 549
11317 13679 72927119 1 1890 550 553
11381 13715 72927129 1 1890 550 552
11435 13764 72927139 1 1890 550 551
11476 13825 72927149 1 1890 550 562
11497 13890 72927159 1 1890 550 595
11497 13954 72927169 1 1890 550 602
11497 14007 72927179 1 1870 550 618
11487 14040 72927189 1 1870 550 628
11475 14048 72927200 1 1860 550 627
11466 14048 72927210 1 1840 550 621
11466 14012 72927220 1 1840 550 620
11466 13961 72927230 1 1840 550 619
11476 13893 72927240 1 1840 550 620
11495 13817 72927250 1 1860 550 618
11523 13744 72927260 1 1860 550 609
11559 13684 72927270 1 1860 550 585
11605 13640 72927280 1 1860 550 570
11658 13617 72927290 1 1860 550 548
11722 13617 72927300 1 1860 550 528
11793 13630 72927310 1 1860 550 526
11865 13662 72927320 1 1860 550 512
11937 13709 72927330 1 1860 550 516
11998 13765 72927340 1 1860 550 521
12043 13827 72927350 1 1860 550 525
12073 13882 72927360 1 1870 550 554
12088 13922 72927370 1 1870 550 577
12095 13935 72927380 1 1890 550 577
12095 13935 72927390 1 1890 550 574
12103 13909 72927401 1 1890 550 581
12113 13862 72927411 1 1890 550 591
12125 13803 72927421 1 1890 550 586
12132 13737 72927431 1 1890 550 592
12144 13677 72927441 1 1890 550 578
12153 13634 72927451 1 1890 550 566
12153 13606 72927461 1 1890 550 560
12153 13598 72927471 1 1890 550 563
12153 13609 72927481 1 1890 550 570
12153 13636 72927491 1 1890 550 555
12160 13676 72927501 1 1890 550 548
12177 13731 72927511 1 1900 550 536
12203 13792 72927521 1 1900 550 520
12233 13846 72927531 1 1910 540 523
12270 13890 72927541 1 1910 540 517
12312 13913 72927551 1 1910 540 528
12361 13913 72927561 1 1910 540 547
12413 13901 72927571 1 1910 540 546
12465 13872 72927581 1 1910 540 551
12510 13830 72927591 1 1910 540 549
12544 13781 72927602 1 1910 540 543
12565 13726 72927612 1 1910 540 544
12565 13674 72927622 1 1910 540 543
12565 13631 72927632 1 1910 540 545
12540 13602 72927642 1 1910 540 536
12520 13592 72927652 1 1910 540 520
12505 13585 72927662 1 1910 540 522
12497 13599 72927672 1 1910 540 498
12497 13623 72927682 1 1910 540 481
12516 13662 72927692 1 1910 540 436
12539 13715 72927702 1 1910 540 434
12574 13776 72927712 1 1910 540 423
12618 13837 72927722 1 1910 540 433
12670 13886 72927732 1 1910 540 443
12729 13921 72927742 1 1910 540 476
12790 13939 72927752 1 1910 540 513
12848 13939 72927762 1 1910 540 529
12896 13930 72927772 1 1910 540 543
12934 13902 72927782 1 1910 540 563
12961 13859 72927792 1 1910 540 566
12976 13804 72927803 1 1910 540 577
12984 13741 72927813 1 1910 540 588
12984 13677 72927823 1 1910 540 587
12991 13622 72927833 1 1910 540 585
13002 13578 72927843 1 1930 540 583
13017 13551 72927853 1 1930 540 579
13044 13543 72927863 1 1940 540 574
13086 13543 72927873 1 1940 540 560
13145 13562 72927883 1 1940 540 533
13219 13600 72927893 1 1940 540 526
13297 13654 72927903 1 1940 540 519
13371 13721 72927913 1 1940 540 520
13428 13791 72927923 1 1940 540 527
13461 13857 72927933 1 1940 540 529
13461 13912 72927943 1 1940 540 548
13449 13950 72927953 1 1940 540 568
13414 13972 72927963 1 1960 540 590
13366 13980 72927973 1 1960 540 600
13317 13973 72927983 1 1960 540 592
13271 13952 72927993 1 1960 540 588
13239 13917 72928004 1 1940 540 585
13229 13867 72928014 1 1940 540 581
13229 13808 72928024 1 1940 540 577
13248 13745 72928034 1 1940 540 578
13290 13685 72928044 1 1940 540 579
13352 13635 72928054 1 1940 540 574
13427 13599 72928064 1 1940 540 575
13513 13579 72928074 1 1940 540 564
13602 13579 72928084 1 1940 540 565
13689 13596 72928094 1 1940 540 562
13772 13628 72928104 1 1940 540 567
13846 13672 72928114 1 1940 540 577
13909 13724 72928124 1 1930 540 576
13965 13780 72928134 1 1930 540 573
14016 13831 72928144 1 1910 540 579
14066 13869 72928154 1 1910 540 585
14122 13880 72928164 1 1930 540 597
14183 13873 72928174 1 1930 540 599
14248 13838 72928184 1 1940 540 601
14314 13784 72928194 1 1940 540 613
14368 13717 72928205 1 1940 540 614
14401 13651 72928215 1 1940 540 620
14408 13592 72928225 1 1940 540 622
14382 13544 72928235 1 1940 540 631
14325 13514 72928245 1 1940 540 592
14237 13506 72928255 1 1940 540 444
14124 13513 72928265 1 1940 540 38
14000 13545 72928275 0 1940 540 0
13881 13601 72928285 0 1940 540 0
13771 13692 72928295 0 1930 540 0
13676 13832 72928305 0 1930 540 0
13590 14018 72928315 0 1910 540 0
13500 14222 72928325 0 1910 530 0
13407 14408 72928335 0 1900 520 0
13325 14545 72928345 0 1920 490 0
13258 14614 72928355 0 1920 470 0
13232 14628 72928365 1 1920 460 307
13194 14635 72928375 1 1920 450 649
13194 14635 72928385 1 1920 440 832
13194 14635 72928395 1 1920 450 883
13194 14642 72928405 1 1930 460 874
13203 14649 72928415 1 1930 470 828
13203 14649 72928425 1 1920 490 685
13203 14641 72928435 1 1910 510 329
