255
9081 6621 72948749 1 1830 490 325
9104 6667 72948759 1 1820 500 461
9124 6701 72948769 1 1810 510 570
9140 6725 72948779 1 1810 520 610
9140 6725 72948789 1 1800 530 613
9140 6713 72948799 1 1800 540 618
9132 6661 72948809 1 1800 550 623
9119 6562 72948819 1 1800 550 627
9099 6420 72948829 1 1800 550 630
9077 6248 72948839 1 1800 550 637
9055 6064 72948849 1 1800 550 630
9029 5891 72948859 1 1790 540 599
9007 5739 72948869 1 1790 540 521
8983 5618 72948879 1 1770 540 444
8956 5538 72948889 1 1770 540 422
8923 5506 72948899 1 1770 540 435
8877 5518 72948909 1 1770 540 443
8817 5565 72948919 1 1770 540 470
8742 5644 72948929 1 1770 540 529
8650 5748 72948939 1 1770 540 540
8538 5864 72948950 1 1770 540 550
8416 5976 72948960 1 1770 540 560
8293 6068 72948970 1 1770 540 577
8189 6126 72948980 1 1770 540 579
8117 6151 72948990 1 1770 540 565
8075 6151 72949000 1 1760 540 526
8065 6119 72949010 1 1760 540 393
8073 6067 72949020 1 1750 540 129
8117 5996 72949030 0 1750 540 0
8187 5918 72949040 0 1750 540 0
8275 5844 72949050 0 1750 540 0
8383 5783 72949060 0 1750 540 0
8505 5738 72949070 0 1760 530 0
8641 5706 72949080 0 1760 530 0
8788 5683 72949090 0 1770 530 0
8928 5666 72949100 0 1790 530 0
9057 5649 72949110 0 1800 520 0
9174 5640 72949120 0 1800 520 0
9273 5631 72949130 1 1800 520 419
9352 5631 72949140 1 1810 530 510
9408 5645 72949150 1 1810 530 541
9441 5664 72949160 1 1810 530 533
9463 5679 72949170 1 1800 540 436
9480 5697 72949180 1 1800 540 171
9499 5725 72949190 0 1800 540 0
9526 5769 72949200 0 1790 540 0
9567 5837 72949210 0 1790 540 0
9626 5936 72949220 0 1770 540 0
9700 6059 72949230 0 1770 540 0
9782 6196 72949240 0 1770 530 0
9866 6331 72949250 0 1770 520 0
9940 6443 72949260 0 1770 520 0
10002 6528 72949270 0 1770 520 0
10052 6586 72949280 1 1770 520 352
10087 6618 72949290 1 1770 520 439
10110 6626 72949300 1 1790 530 452
10118 6604 72949310 1 1790 530 499
10118 6536 72949320 1 1800 540 539
10093 6426 72949330 1 1800 550 550
10060 6277 72949340 1 1800 550 551
10021 6108 72949350 1 1800 560 518
9986 5942 72949360 1 1800 550 404
9965 5791 72949370 1 1800 550 173
9965 5726 72949380 0 1800 550 0
10001 5591 72949390 0 1800 540 0
10052 5555 72949400 0 1800 540 0
10116 5570 72949410 0 1800 540 0
10191 5626 72949420 0 1800 540 0
10270 5721 72949430 0 1800 540 0
10348 5853 72949440 0 1800 540 0
10425 6011 72949450 0 1800 540 0
10489 6189 72949460 0 1800 540 0
10515 6277 72949475 1 1800 530 177
10568 6499 72949485 1 1800 530 308
10588 6593 72949495 1 1800 540 458
10595 6642 72949505 1 1800 540 523
10605 6653 72949515 1 1800 540 526
10605 6621 72949525 1 1800 550 561
10598 6543 72949535 1 1800 550 574
10580 6422 72949545 1 1800 550 599
10553 6270 72949555 1 1800 550 595
10526 6110 72949565 1 1800 550 598
10501 5961 72949575 1 1800 550 557
10476 5837 72949585 1 1800 550 455
10467 5742 72949595 1 1800 550 302
10456 5681 72949605 1 1800 540 154
10456 5652 72949615 1 1800 540 86
10456 5652 72949625 1 1800 540 97
10464 5685 72949635 1 1800 540 129
10464 5746 72949645 1 1800 540 263
10457 5836 72949655 1 1800 540 319
10417 5949 72949665 1 1800 540 349
10346 6063 72949676 1 1800 540 383
10255 6159 72949686 1 1800 540 442
10163 6220 72949696 1 1800 540 495
10097 6235 72949706 1 1800 540 489
10062 6235 72949716 1 1800 540 497
10055 6199 72949726 1 1800 540 495
10087 6145 72949736 1 1800 530 503
10146 6073 72949746 1 1800 530 503
10235 5992 72949756 1 1800 530 501
10353 5912 72949766 1 1800 530 486
10481 5848 72949776 1 1800 530 468
10616 5808 72949786 1 1800 530 447
10752 5797 72949796 1 1800 530 444
10880 5797 72949806 1 1800 530 422
10996 5827 72949816 1 1800 530 430
11089 5869 72949826 1 1800 530 431
11159 5922 72949836 1 1810 530 441
11201 5983 72949846 1 1810 530 451
11212 6046 72949856 1 1830 540 471
11204 6106 72949866 1 1830 540 481
11168 6152 72949877 1 1840 540 503
11117 6179 72949887 1 1840 540 529
11055 6186 72949897 1 1840 540 527
11000 6169 72949907 1 1830 540 524
10953 6134 72949917 1 1830 540 514
10918 6081 72949927 1 1830 540 516
10900 6016 72949937 1 1810 530 512
10900 5946 72949947 1 1810 530 506
10900 5881 72949957 1 1800 530 509
10926 5829 72949967 1 1800 530 498
10963 5795 72949977 1 1800 530 495
11016 5777 72949987 1 1800 530 479
11078 5777 72949997 1 1800 530 474
11143 5796 72950007 1 1800 530 484
11205 5829 72950017 1 1800 530 485
11254 5873 72950027 1 1810 530 509
11290 5925 72950037 1 1810 530 544
11302 5986 72950047 1 1830 530 555
11311 6047 72950057 1 1830 530 575
11311 6097 72950067 1 1840 530 606
11300 6130 72950078 1 1840 530 606
11288 6139 72950088 1 1850 530 597
11280 6139 72950098 1 1850 530 588
11273 6109 72950108 1 1850 530 580
11273 6063 72950118 1 1850 530 583
11281 5997 72950128 1 1850 530 577
11306 5918 72950138 1 1850 530 572
11335 5836 72950148 1 1850 530 572
11371 5763 72950158 1 1850 530 552
11413 5708 72950168 1 1850 530 541
11463 5673 72950178 1 1840 530 547
11522 5664 72950188 1 1840 530 540
11586 5671 72950198 1 1830 530 534
11654 5700 72950208 1 1830 530 540
11722 5745 72950218 1 1830 530 538
11785 5805 72950228 1 1830 530 537
11842 5873 72950238 1 1830 530 541
11887 5940 72950248 1 1830 530 542
11920 5993 72950258 1 1830 530 541
11940 6025 72950268 1 1830 530 534
11950 6025 72950279 1 1830 530 523
11960 6014 72950289 1 1840 530 525
11972 5977 72950299 1 1840 530 520
11985 5922 72950309 1 1850 530 522
11999 5857 72950319 1 1850 530 522
12008 5793 72950329 1 1850 530 520
12008 5740 72950339 1 1850 530 518
12008 5704 72950349 1 1850 530 508
12001 5684 72950359 1 1850 530 506
11994 5684 72950369 1 1850 530 512
11994 5695 72950379 1 1850 530 491
11994 5723 72950389 1 1850 530 479
12002 5768 72950399 1 1850 530 464
12020 5828 72950409 1 1850 530 431
12048 5894 72950419 1 1850 530 427
12085 5955 72950429 1 1850 530 415
12134 6003 72950439 1 1850 530 417
12192 6031 72950449 1 1850 530 430
12256 6038 72950459 1 1850 530 458
12322 6029 72950469 1 1850 530 464
12384 6001 72950480 1 1850 530 451
12432 5957 72950490 1 1850 530 460
12465 5899 72950500 1 1850 530 474
12475 5838 72950510 1 1850 530 473
12482 5782 72950520 1 1850 530 474
12473 5738 72950530 1 1850 530 476
12458 5711 72950540 1 1850 530 478
12446 5703 72950550 1 1850 530 486
12439 5703 72950560 1 1850 530 477
12439 5716 72950570 1 1850 530 442
12455 5746 72950580 1 1850 530 417
12480 5790 72950590 1 1850 530 415
12515 5847 72950600 1 1850 530 381
12554 5907 72950610 1 1850 530 378
12595 5962 72950620 1 1850 530 368
12633 6003 72950630 1 1850 530 372
12667 6027 72950640 1 1850 530 393
12702 6034 72950650 1 1850 530 416
12737 6024 72950660 1 1850 530 416
12772 5999 72950670 1 1850 530 418
12803 5959 72950681 1 1850 530 425
12825 5905 72950691 1 1850 530 424
12839 5842 72950701 1 1850 530 429
12850 5781 72950711 1 1850 530 422
12860 5728 72950721 1 1850 530 424
12878 5687 72950731 1 1850 530 427
12905 5661 72950741 1 1850 530 423
12949 5654 72950751 1 1850 530 386
13011 5654 72950761 1 1850 530 372
13090 5684 72950771 1 1870 530 361
13182 5723 72950781 1 1870 530 358
13273 5777 72950791 1 1880 530 347
13352 5838 72950801 1 1880 530 355
13405 5903 72950811 1 1880 530 361
13417 5970 72950821 1 1890 530 382
13401 6028 72950831 1 1890 530 377
13347 6071 72950841 1 1910 530 415
13270 6093 72950851 1 1910 530 456
13190 6093 72950861 1 1890 530 445
13125 6066 72950871 1 1890 530 431
13088 6017 72950882 1 1880 530 437
13088 5948 72950892 1 1880 530 433
13113 5864 72950902 1 1880 530 440
13165 5776 72950912 1 1880 530 442
13232 5701 72950922 1 1880 530 446
13312 5644 72950932 1 1880 530 459
13394 5613 72950942 1 1880 530 459
13473 5605 72950952 1 1880 530 461
13548 5617 72950962 1 1880 530 466
13614 5647 72950972 1 1880 530 480
13673 5691 72950982 1 1880 530 479
13729 5749 72950992 1 1880 540 480
13785 5820 72951002 1 1880 540 481
13838 5893 72951012 1 1880 540 492
13887 5956 72951022 1 1880 540 512
13938 5996 72951032 1 1880 530 518
13989 6004 72951042 1 1880 530 542
14049 5982 72951052 1 1880 530 549
14119 5931 72951062 1 1880 530 570
14180 5861 72951072 1 1890 530 573
14225 5783 72951083 1 1890 530 573
14238 5713 72951093 1 1910 530 568
14228 5657 72951103 1 1910 530 569
14179 5619 72951113 1 1910 530 512
14096 5608 72951123 1 1910 530 267
14042 5600 72951133 0 1910 530 0
13854 5623 72951143 0 1910 530 0
13729 5671 72951153 0 1910 530 0
13614 5746 72951163 0 1890 530 0
13510 5858 72951173 0 1890 530 0
13403 6003 72951183 0 1900 520 0
13281 6166 72951193 0 1900 510 0
13145 6329 72951203 0 1900 490 0
13009 6464 72951213 0 1900 480 0
12890 6553 72951223 0 1910 460 0
12796 6594 72951233 0 1910 460 0
12729 6603 72951233 1 1910 460 555
12683 6610 72951243 1 1900 480 710
12653 6621 72951253 1 1890 490 788
12645 6640 72951263 1 1890 510 768
12645 6648 72951273 1 1880 530 686
12655 6659 72951283 1 1870 550 545
12655 6667 72951293 1 1860 550 127
