288
26679 6655 73986426 1 1890 560 235
26719 6776 73986436 1 1890 560 351
26728 6844 73986446 1 1890 570 532
26738 6896 73986456 1 1890 570 646
26738 6924 73986466 1 1900 580 683
26738 6924 73986476 1 1900 580 698
26727 6880 73986486 1 1900 580 715
26714 6795 73986496 1 1900 580 736
26701 6657 73986506 1 1890 570 744
26679 6477 73986516 1 1890 570 744
26651 6278 73986526 1 1890 570 743
26620 6078 73986536 1 1890 570 740
26576 5897 73986546 1 1890 570 726
26533 5750 73986556 1 1890 570 699
26493 5634 73986566 1 1890 560 670
26450 5559 73986576 1 1870 560 676
26407 5527 73986586 1 1870 560 682
26355 5527 73986596 1 1860 560 691
26296 5571 73986606 1 1860 560 705
26221 5645 73986616 1 1860 560 722
26124 5757 73986627 1 1840 560 717
26014 5889 73986637 1 1840 560 702
25892 6019 73986647 1 1830 560 702
25781 6124 73986657 1 1810 560 698
25688 6188 73986667 1 1810 560 670
25628 6213 73986677 1 1800 550 566
25597 6204 73986687 1 1800 550 395
25597 6165 73986697 1 1800 550 134
25606 6135 73986707 0 1800 550 0
25692 6016 73986717 0 1800 550 0
25783 5931 73986727 0 1800 550 0
25894 5857 73986737 0 1800 550 0
26016 5802 73986747 0 1800 550 0
26151 5762 73986757 0 1810 550 0
26303 5727 73986767 0 1810 540 0
26459 5693 73986777 0 1810 540 0
26615 5658 73986787 0 1830 540 0
26758 5631 73986802 1 1830 540 353
26873 5616 73986812 1 1840 540 424
26954 5616 73986822 1 1840 550 536
26998 5616 73986832 1 1860 550 565
27007 5626 73986842 1 1870 550 503
27007 5639 73986852 1 1870 560 295
27007 5649 73986862 0 1890 560 0
27007 5698 73986872 0 1890 560 0
27036 5756 73986882 0 1890 560 0
27088 5839 73986892 0 1890 560 0
27170 5950 73986902 0 1890 560 0
27269 6083 73986912 0 1900 560 0
27374 6231 73986922 0 1900 560 0
27472 6377 73986932 0 1910 540 0
27515 6441 73986937 1 1910 540 51
27613 6610 73986947 1 1910 540 349
27647 6688 73986957 1 1910 540 546
27659 6736 73986967 1 1920 550 636
27669 6751 73986977 1 1920 550 666
27669 6734 73986987 1 1920 550 707
27662 6671 73986997 1 1910 570 724
27642 6564 73987007 1 1910 570 740
27628 6428 73987017 1 1900 580 738
27619 6265 73987027 1 1900 580 733
27604 6094 73987037 1 1900 580 691
27593 5936 73987047 1 1890 570 617
27581 5794 73987057 1 1890 570 472
27581 5689 73987067 1 1890 570 220
27600 5624 73987077 1 1890 570 1
27636 5607 73987087 0 1890 570 0
27694 5622 73987097 0 1900 560 0
27773 5689 73987107 0 1900 560 0
27865 5803 73987117 0 1920 550 0
27967 5962 73987127 0 1930 550 0
28061 6158 73987138 0 1930 550 0
28140 6364 73987148 0 1950 560 0
28199 6553 73987158 0 1950 560 0
28248 6696 73987172 1 1950 560 257
28283 6790 73987182 1 1960 570 455
28306 6834 73987192 1 1940 570 557
28315 6834 73987202 1 1940 570 604
28315 6799 73987212 1 1930 570 648
28315 6701 73987222 1 1930 580 712
28315 6548 73987232 1 1950 580 726
28294 6360 73987242 1 1950 580 731
28271 6156 73987252 1 1950 580 731
28238 5967 73987262 1 1950 580 712
28202 5813 73987272 1 1930 580 669
28176 5693 73987282 1 1930 580 611
28155 5619 73987292 1 1920 580 548
28147 5589 73987302 1 1900 590 523
28147 5599 73987312 1 1880 590 489
28158 5645 73987322 1 1880 590 482
28175 5723 73987332 1 1870 590 499
28182 5836 73987342 1 1870 600 451
28160 5977 73987352 1 1870 600 467
28092 6125 73987362 1 1870 600 445
27994 6254 73987373 1 1870 600 484
27880 6344 73987383 1 1870 590 527
27785 6383 73987393 1 1880 590 538
27723 6383 73987403 1 1880 580 541
27691 6344 73987413 1 1890 570 556
27691 6280 73987423 1 1890 570 555
27720 6195 73987433 1 1890 560 555
27781 6098 73987443 1 1900 560 533
27869 6001 73987453 1 1900 560 496
27988 5918 73987463 1 1920 550 457
28130 5858 73987473 1 1920 550 445
28293 5827 73987483 1 1920 560 392
28476 5820 73987493 1 1920 560 341
28659 5838 73987503 1 1930 570 306
28825 5876 73987513 1 1930 570 273
28957 5933 73987523 1 1950 580 270
29051 6004 73987533 1 1970 590 269
29100 6085 73987543 1 1990 590 366
29110 6166 73987553 1 2000 580 415
29085 6240 73987563 1 2020 580 437
29034 6290 73987574 1 2020 580 510
28961 6304 73987584 1 2030 580 545
28880 6293 73987594 1 2030 580 592
28802 6243 73987604 1 2030 580 612
28735 6169 73987614 1 2030 580 632
28698 6077 73987624 1 2030 580 615
28688 5985 73987634 1 2020 580 612
28696 5900 73987644 1 2020 580 602
28723 5836 73987654 1 2000 580 601
28769 5796 73987664 1 2000 580 595
28828 5785 73987674 1 2000 580 598
28897 5792 73987684 1 2000 580 583
28978 5823 73987694 1 2000 580 576
29049 5874 73987704 1 2000 580 577
29113 5937 73987714 1 2000 580 574
29156 6011 73987724 1 2020 580 578
29167 6090 73987734 1 2020 580 593
29160 6168 73987744 1 2030 580 610
29134 6232 73987754 1 2030 580 617
29103 6273 73987764 1 2030 580 612
29084 6283 73987775 1 2030 580 599
29084 6269 73987785 1 2030 580 592
29093 6221 73987795 1 2050 580 598
29115 6143 73987805 1 2050 580 604
29146 6043 73987815 1 2050 580 605
29178 5937 73987825 1 2050 580 599
29216 5839 73987835 1 2030 580 587
29259 5764 73987845 1 2030 580 567
29301 5716 73987855 1 2030 580 547
29353 5695 73987865 1 2030 580 541
29413 5695 73987875 1 2030 580 520
29478 5732 73987885 1 2020 580 513
29554 5781 73987895 1 2020 580 482
29634 5844 73987905 1 2000 580 484
29705 5916 73987915 1 2000 580 480
29771 5983 73987925 1 2000 580 498
29822 6034 73987935 1 1990 590 542
29860 6061 73987945 1 1990 590 549
29892 6061 73987955 1 1970 590 556
29920 6026 73987965 1 1970 590 576
29952 5968 73987976 1 1950 590 581
29981 5896 73987986 1 1950 590 580
29999 5821 73987996 1 1940 590 581
30006 5758 73988006 1 1940 590 580
30006 5718 73988016 1 1940 590 581
29996 5705 73988026 1 1940 590 589
29988 5697 73988036 1 1940 590 578
29988 5725 73988046 1 1940 590 545
29995 5765 73988056 1 1920 590 517
30012 5822 73988066 1 1920 590 464
30047 5896 73988076 1 1900 600 414
30097 5980 73988086 1 1910 610 378
30165 6066 73988096 1 1910 610 353
30242 6135 73988106 1 1910 610 429
30319 6176 73988116 1 1910 620 474
30396 6184 73988126 1 1910 620 491
30463 6160 73988136 1 1940 620 527
30520 6114 73988146 1 1940 620 533
30562 6047 73988156 1 1960 630 555
30587 5965 73988166 1 1960 630 564
30597 5877 73988177 1 1980 630 580
30597 5800 73988187 1 1980 630 575
30578 5744 73988197 1 2000 630 576
30562 5714 73988207 1 2000 630 580
30550 5714 73988217 1 2000 630 583
30550 5722 73988227 1 2000 630 585
30550 5752 73988237 1 2000 630 557
30570 5798 73988247 1 2000 630 531
30605 5861 73988257 1 2000 630 498
30658 5941 73988267 1 2000 630 439
30720 6032 73988277 1 2000 630 428
30784 6114 73988287 1 2000 630 450
30841 6175 73988297 1 2020 620 509
30892 6203 73988307 1 2020 620 524
30932 6203 73988317 1 2040 620 531
30962 6175 73988327 1 2050 620 533
30990 6129 73988337 1 2050 620 557
31011 6062 73988347 1 2070 610 577
31032 5981 73988357 1 2070 610 587
31054 5894 73988367 1 2070 610 599
31074 5816 73988378 1 2070 610 599
31101 5753 73988388 1 2070 610 620
31140 5704 73988398 1 2070 610 639
31181 5676 73988408 1 2070 610 632
31234 5668 73988418 1 2070 610 624
31293 5682 73988428 1 2070 610 611
31357 5714 73988438 1 2070 610 592
31389 5735 73988443 1 2070 610 592
31418 5760 73988448 1 2050 620 569
31443 5787 73988453 1 2050 620 570
31463 5819 73988458 1 2050 620 565
31479 5853 73988463 1 2050 620 575
31489 5892 73988468 1 2040 620 575
31495 5933 73988473 1 2040 620 566
31495 5976 73988478 1 2040 620 565
31495 6018 73988483 1 2040 620 563
31495 6058 73988488 1 2040 620 565
31495 6092 73988493 1 2040 620 574
31495 6120 73988498 1 2040 620 580
31495 6155 73988508 1 2040 620 599
31476 6155 73988518 1 2040 620 599
31454 6135 73988528 1 2040 620 598
31429 6089 73988538 1 2040 620 594
31408 6020 73988548 1 2040 620 604
31408 5930 73988558 1 2040 620 607
31418 5834 73988568 1 2040 620 603
31435 5748 73988579 1 2040 620 608
31448 5711 73988584 1 2040 620 612
31460 5679 73988589 1 2040 620 620
31470 5655 73988594 1 2040 620 629
31477 5637 73988599 1 2040 620 633
31477 5626 73988604 1 2040 620 636
31488 5626 73988609 1 2040 620 634
31488 5626 73988614 1 2040 620 624
31495 5626 73988619 1 2020 620 623
31495 5634 73988624 1 2020 620 624
31495 5649 73988629 1 2020 620 622
31495 5668 73988634 1 2020 620 614
31495 5692 73988639 1 2000 630 606
31495 5717 73988644 1 2000 630 599
31495 5738 73988649 1 1980 630 581
31495 5763 73988654 1 1980 630 579
31495 5789 73988659 1 1980 630 591
31495 5815 73988664 1 1960 630 586
31495 5838 73988669 1 1960 630 596
31495 5858 73988674 1 1960 630 611
31495 5872 73988679 1 1940 630 632
31495 5880 73988684 1 1940 630 642
31495 5880 73988689 1 1940 630 655
31495 5880 73988694 1 1920 630 665
31495 5869 73988699 1 1920 630 676
31495 5847 73988704 1 1920 630 685
31495 5818 73988709 1 1920 630 698
31495 5784 73988714 1 1920 630 700
31495 5747 73988719 1 1920 630 696
31495 5705 73988724 1 1920 630 705
31495 5661 73988729 1 1920 630 707
31495 5616 73988734 1 1920 630 710
31495 5574 73988739 1 1920 630 705
31495 5537 73988744 1 1920 630 697
31495 5505 73988749 1 1920 630 683
31495 5479 73988754 1 1920 630 669
31495 5457 73988759 1 1920 630 651
31495 5441 73988764 1 1920 630 634
31495 5433 73988769 1 1920 630 625
31495 5433 73988775 1 1920 630 565
31495 5442 73988780 1 1920 630 500
31495 5453 73988785 1 1920 630 322
31495 5469 73988790 1 1920 630 183
31495 5498 73988795 1 1900 640 17
31495 5498 73988800 0 1900 640 0
31495 5571 73988805 0 1900 640 0
31495 5618 73988810 0 1900 640 0
31495 5672 73988815 0 1900 640 0
31495 5736 73988820 0 1900 640 0
31495 5812 73988825 0 1900 640 0
31495 5898 73988830 0 1900 640 0
31495 5985 73988835 0 1900 640 0
31495 6082 73988840 0 1920 630 0
31495 6184 73988845 0 1920 630 0
31495 6289 73988850 0 1920 630 0
31469 6484 73988860 0 1930 610 0
31424 6628 73988870 0 1950 610 0
31368 6704 73988880 0 1960 600 0
31342 6721 73988890 1 1980 600 508
31277 6729 73988900 1 1990 600 683
31254 6729 73988910 1 1990 600 857
31247 6737 73988920 1 2020 600 908
31240 6749 73988930 1 2030 600 901
31240 6749 73988940 1 2040 610 893
31240 6749 73988950 1 2060 600 835
31247 6749 73988960 1 2060 600 681
31247 6739 73988970 1 2060 600 465
31240 6714 73988980 1 2060 600 48
