278
26575 18235 73956518 1 1820 500 230
26566 18292 73956528 1 1820 510 372
26566 18351 73956538 1 1820 510 520
26566 18408 73956548 1 1820 510 655
26566 18453 73956558 1 1820 510 739
26566 18483 73956568 1 1840 510 785
26574 18491 73956578 1 1840 510 784
26574 18484 73956588 1 1840 510 776
26574 18441 73956598 1 1840 510 778
26563 18357 73956608 1 1820 510 778
26542 18234 73956618 1 1820 510 779
26511 18084 73956628 1 1820 510 777
26466 17928 73956638 1 1820 500 777
26417 17781 73956648 1 1820 500 756
26371 17659 73956658 1 1820 490 725
26327 17563 73956668 1 1820 490 705
26285 17498 73956678 1 1820 490 675
26239 17464 73956688 1 1820 480 675
26184 17464 73956698 1 1810 480 669
26123 17483 73956708 1 1810 480 662
26056 17532 73956719 1 1800 480 659
25983 17608 73956729 1 1800 490 643
25911 17702 73956739 1 1800 490 630
25840 17801 73956749 1 1800 500 641
25777 17885 73956759 1 1800 510 672
25730 17941 73956769 1 1800 510 683
25699 17967 73956779 1 1800 520 674
25690 17967 73956789 1 1800 530 646
25681 17950 73956799 1 1800 530 575
25674 17920 73956809 1 1800 540 484
25674 17874 73956819 1 1800 540 302
25687 17819 73956829 1 1800 540 26
25715 17759 73956839 0 1800 540 0
25763 17712 73956849 0 1800 540 0
25834 17682 73956859 0 1800 540 0
25930 17674 73956869 0 1800 540 0
26051 17674 73956879 0 1800 540 0
26193 17674 73956889 0 1800 540 0
26345 17674 73956899 0 1800 530 0
26495 17659 73956909 0 1800 520 0
26635 17636 73956920 0 1800 520 0
26699 17624 73956934 1 1800 510 274
26859 17608 73956944 1 1800 500 366
26928 17598 73956954 1 1800 490 415
26965 17598 73956964 1 1810 490 499
26975 17606 73956974 1 1810 480 491
26975 17623 73956984 1 1820 480 302
26992 17653 73956994 1 1820 480 67
27016 17697 73957004 0 1820 480 0
27069 17762 73957014 0 1820 480 0
27154 17849 73957024 0 1820 490 0
27266 17962 73957034 0 1820 490 0
27395 18099 73957044 0 1820 490 0
27526 18244 73957054 0 1820 490 0
27641 18380 73957064 0 1840 500 0
27734 18487 73957074 0 1840 500 0
27772 18528 73957084 1 1850 510 380
27842 18614 73957094 1 1850 520 516
27861 18644 73957104 1 1850 530 612
27861 18652 73957114 1 1850 540 661
27842 18643 73957124 1 1840 550 725
27813 18593 73957134 1 1840 560 748
27780 18506 73957144 1 1830 560 773
27745 18384 73957154 1 1830 560 781
27713 18233 73957164 1 1830 560 774
27684 18074 73957174 1 1830 550 771
27659 17917 73957184 1 1830 540 740
27632 17776 73957194 1 1830 530 673
27614 17657 73957204 1 1830 520 529
27603 17563 73957214 1 1820 510 324
27603 17501 73957224 1 1820 510 44
27616 17475 73957234 0 1820 500 0
27655 17487 73957244 0 1820 500 0
27719 17542 73957254 0 1840 510 0
27803 17641 73957264 0 1840 510 0
27899 17781 73957274 0 1850 510 0
27995 17948 73957285 0 1850 510 0
28083 18121 73957295 0 1860 510 0
28158 18277 73957305 0 1860 500 0
28222 18405 73957309 1 1870 500 407
28273 18496 73957319 1 1880 490 555
28310 18553 73957329 1 1880 490 627
28335 18578 73957339 1 1890 480 673
28343 18562 73957349 1 1890 480 717
28332 18499 73957359 1 1890 480 767
28310 18392 73957369 1 1890 470 797
28271 18248 73957379 1 1890 470 819
28226 18085 73957389 1 1890 470 817
28181 17924 73957399 1 1880 460 804
28135 17779 73957409 1 1880 460 792
28108 17660 73957419 1 1890 450 720
28092 17566 73957429 1 1890 440 655
28085 17506 73957439 1 1900 440 610
28085 17477 73957449 1 1890 430 616
28085 17484 73957459 1 1900 430 592
28085 17530 73957469 1 1900 430 613
28074 17612 73957479 1 1910 420 626
28046 17731 73957489 1 1900 430 634
27996 17868 73957499 1 1910 440 651
27922 17999 73957510 1 1900 440 679
27828 18104 73957520 1 1890 450 724
27746 18166 73957530 1 1880 460 755
27689 18189 73957540 1 1860 470 754
27657 18189 73957550 1 1860 480 748
27657 18158 73957560 1 1830 490 748
27674 18110 73957570 1 1820 490 741
27710 18043 73957580 1 1820 500 739
27771 17964 73957590 1 1820 500 716
27855 17881 73957600 1 1820 490 695
27965 17810 73957610 1 1820 490 654
28089 17757 73957620 1 1830 480 634
28227 17722 73957630 1 1840 480 574
28374 17722 73957640 1 1850 470 539
28527 17732 73957650 1 1870 460 520
28676 17770 73957660 1 1890 450 533
28807 17824 73957670 1 1910 440 558
28912 17886 73957680 1 1930 430 591
28978 17951 73957690 1 1940 430 642
29007 18011 73957700 1 1950 420 664
29007 18058 73957711 1 1960 420 698
28978 18092 73957721 1 1970 420 716
28919 18100 73957731 1 1980 420 738
28848 18091 73957741 1 1980 420 743
28773 18061 73957751 1 1980 420 742
28710 18012 73957761 1 1980 420 739
28667 17952 73957771 1 1970 420 737
28638 17885 73957781 1 1970 420 733
28629 17820 73957791 1 1960 420 720
28629 17764 73957801 1 1960 420 720
28641 17723 73957811 1 1950 420 723
28670 17700 73957821 1 1950 420 722
28715 17700 73957831 1 1950 420 711
28773 17713 73957841 1 1960 420 713
28838 17750 73957851 1 1960 420 712
28902 17802 73957861 1 1970 420 720
28958 17868 73957871 1 1970 420 721
28997 17938 73957881 1 1970 420 742
29018 18003 73957891 1 1980 420 752
29026 18054 73957901 1 1980 420 778
29026 18084 73957912 1 1990 410 787
29019 18091 73957922 1 1990 410 780
29019 18075 73957932 1 1990 410 784
29019 18037 73957942 1 1990 410 781
29019 17982 73957952 1 1990 410 779
29019 17906 73957962 1 1990 410 776
29032 17822 73957972 1 1990 410 769
29052 17740 73957982 1 1990 420 769
29079 17664 73957992 1 1990 420 759
29115 17611 73958002 1 1990 420 757
29160 17579 73958012 1 1990 420 734
29215 17579 73958022 1 2010 430 732
29281 17592 73958032 1 2010 430 720
29350 17631 73958042 1 2020 430 728
29420 17687 73958052 1 2020 430 734
29485 17757 73958062 1 2020 430 733
29537 17828 73958072 1 2020 430 727
29573 17890 73958082 1 2010 430 733
29592 17932 73958092 1 2010 430 743
29600 17945 73958102 1 2000 430 737
29600 17945 73958113 1 2000 430 738
29600 17924 73958123 1 2000 430 737
29607 17880 73958133 1 2000 430 743
29607 17817 73958143 1 2000 430 737
29616 17743 73958153 1 2000 430 741
29624 17665 73958163 1 2010 440 738
29631 17604 73958173 1 2010 440 732
29631 17562 73958183 1 2010 440 720
29631 17550 73958193 1 2010 440 717
29631 17543 73958203 1 2010 450 718
29631 17566 73958213 1 2010 450 708
29639 17602 73958223 1 2010 450 703
29654 17656 73958233 1 2010 450 671
29682 17726 73958243 1 2010 450 638
29723 17799 73958253 1 2010 450 644
29774 17864 73958263 1 2010 450 640
29829 17908 73958273 1 2000 440 678
29875 17928 73958283 1 2000 440 675
29918 17928 73958293 1 1990 440 681
29956 17904 73958303 1 1990 440 679
29992 17862 73958314 1 1980 450 691
30017 17806 73958324 1 1980 450 691
30026 17742 73958334 1 1970 450 691
30033 17676 73958344 1 1970 450 691
30023 17622 73958354 1 1970 460 684
30014 17584 73958364 1 1970 460 673
30007 17563 73958374 1 1970 460 665
30007 17563 73958384 1 1970 460 669
30007 17563 73958394 1 1970 460 654
30017 17589 73958404 1 1970 460 632
30032 17629 73958414 1 1970 460 629
30060 17689 73958424 1 1970 460 616
30101 17763 73958434 1 1970 450 607
30152 17832 73958444 1 1960 440 618
30207 17892 73958454 1 1950 420 633
30264 17932 73958464 1 1940 400 642
30323 17944 73958474 1 1930 380 677
30387 17955 73958484 1 1920 360 681
30454 17939 73958494 1 1910 340 684
30517 17903 73958504 1 1910 340 694
30571 17849 73958515 1 1910 330 692
30612 17781 73958525 1 1900 320 695
30644 17714 73958535 1 1910 320 688
30672 17650 73958545 1 1920 320 699
30701 17599 73958555 1 1930 320 701
30733 17563 73958565 1 1930 320 707
30779 17542 73958575 1 1940 330 699
30839 17542 73958585 1 1950 330 706
30914 17563 73958595 1 1950 340 691
31005 17600 73958605 1 1960 340 691
31097 17652 73958615 1 1970 340 698
31177 17718 73958625 1 1970 340 705
31236 17789 73958635 1 1970 340 716
31265 17856 73958645 1 1970 340 733
31265 17906 73958655 1 1970 340 747
31249 17935 73958665 1 1970 340 744
31210 17942 73958675 1 1970 340 741
31164 17942 73958685 1 1970 330 735
31115 17916 73958695 1 1970 330 733
31069 17881 73958705 1 1970 330 727
31036 17830 73958716 1 1970 330 720
31017 17775 73958726 1 1970 330 705
31009 17718 73958736 1 1970 330 705
31017 17667 73958746 1 1970 330 705
31033 17626 73958756 1 1970 330 709
31061 17592 73958766 1 1970 330 714
31106 17567 73958776 1 1970 330 716
31164 17557 73958786 1 1970 330 706
31237 17557 73958796 1 1980 340 699
31324 17565 73958806 1 1990 340 696
31363 17576 73958811 1 1990 340 696
31398 17589 73958816 1 1990 340 698
31428 17604 73958821 1 1990 340 697
31453 17620 73958826 1 1990 340 715
31475 17639 73958831 1 1990 340 713
31489 17657 73958836 1 1980 340 728
31495 17675 73958841 1 1980 340 733
31495 17691 73958846 1 1980 340 740
31495 17705 73958851 1 1980 340 767
31495 17716 73958856 1 1970 340 788
31495 17723 73958861 1 1970 340 794
31495 17723 73958866 1 1970 340 794
31495 17723 73958871 1 1970 340 799
31495 17723 73958876 1 1970 340 808
31495 17714 73958881 1 1970 340 807
31495 17703 73958886 1 1960 340 804
31495 17691 73958891 1 1950 330 800
31495 17677 73958896 1 1950 330 800
31495 17660 73958901 1 1950 330 798
31495 17643 73958906 1 1950 330 795
31495 17625 73958912 1 1950 330 790
31495 17607 73958917 1 1940 330 786
31495 17589 73958922 1 1940 330 785
31495 17570 73958927 1 1940 330 786
31495 17551 73958932 1 1940 330 785
31495 17535 73958937 1 1940 330 770
31495 17523 73958942 1 1940 330 740
31495 17513 73958947 1 1940 330 705
31495 17506 73958952 1 1940 330 655
31495 17506 73958957 1 1940 330 567
31495 17506 73958962 1 1940 340 396
31495 17515 73958967 1 1940 340 147
31463 17543 73958977 0 1950 340 0
31408 17598 73958987 0 1950 340 0
31326 17688 73958997 0 1960 340 0
31217 17817 73959007 0 1960 340 0
31110 17989 73959017 0 1960 340 0
30999 18176 73959027 0 1960 340 0
30884 18346 73959037 0 1950 340 0
30787 18475 73959047 0 1940 330 0
30725 18534 73959057 0 1930 330 0
30714 18542 73959067 1 1920 330 642
30746 18532 73959077 1 1900 340 715
30795 18525 73959087 1 1900 340 818
30830 18518 73959097 1 1900 350 870
30840 18527 73959107 1 1900 360 875
30848 18534 73959117 1 1900 360 834
30848 18534 73959127 1 1910 360 685
30848 18534 73959137 1 1930 370 327
