256
9320 10407 72937648 1 1900 510 258
9347 10521 72937658 1 1890 510 359
9356 10589 72937668 1 1880 520 464
9356 10641 72937678 1 1870 530 555
9348 10668 72937688 1 1850 540 573
9330 10668 72937698 1 1840 550 578
9307 10619 72937708 1 1830 560 597
9269 10528 72937718 1 1830 570 613
9218 10385 72937728 1 1830 570 608
9156 10199 72937738 1 1830 570 603
9096 9997 72937748 1 1830 570 606
9042 9801 72937758 1 1830 570 565
8998 9635 72937768 1 1830 570 525
8959 9506 72937778 1 1810 560 477
8928 9424 72937788 1 1810 560 448
8906 9386 72937798 1 1800 560 464
8884 9386 72937808 1 1800 550 478
8863 9423 72937818 1 1800 550 488
8838 9486 72937828 1 1800 550 499
8806 9571 72937838 1 1800 550 508
8769 9677 72937849 1 1800 550 515
8723 9789 72937859 1 1800 550 521
8665 9892 72937869 1 1800 550 517
8602 9969 72937879 1 1800 550 517
8544 10011 72937889 1 1800 550 517
8497 10018 72937899 1 1800 550 501
8466 9998 72937909 1 1800 550 451
8448 9957 72937919 1 1800 550 334
8448 9898 72937929 1 1800 550 29
8460 9826 72937939 0 1800 550 0
8486 9758 72937949 0 1800 550 0
8527 9704 72937959 0 1800 550 0
8579 9668 72937969 0 1800 550 0
8644 9649 72937979 0 1800 550 0
8735 9638 72937989 0 1800 550 0
8852 9630 72937999 0 1800 550 0
8988 9630 72938009 0 1800 550 0
9130 9622 72938019 0 1810 550 0
9261 9610 72938029 0 1810 540 0
9322 9598 72938039 1 1830 540 335
9458 9589 72938049 1 1830 540 437
9511 9589 72938059 1 1830 550 480
9543 9589 72938069 1 1810 550 488
9550 9589 72938079 1 1810 550 400
9557 9589 72938089 1 1800 560 60
9572 9596 72938099 0 1800 560 0
9593 9626 72938109 0 1800 560 0
9627 9672 72938119 0 1800 560 0
9683 9748 72938129 0 1800 560 0
9765 9854 72938139 0 1800 560 0
9861 9980 72938149 0 1800 560 0
9966 10115 72938159 0 1800 550 0
10066 10243 72938169 0 1800 550 0
10149 10352 72938179 0 1800 540 0
10216 10443 72938189 0 1800 540 0
10264 10518 72938204 1 1800 530 344
10295 10571 72938214 1 1800 530 449
10312 10603 72938224 1 1800 540 488
10312 10603 72938234 1 1810 540 523
10312 10549 72938244 1 1810 550 555
10284 10449 72938254 1 1830 560 562
10249 10309 72938264 1 1830 560 560
10213 10140 72938274 1 1830 560 563
10180 9971 72938284 1 1830 570 524
10161 9815 72938294 1 1830 570 411
10161 9689 72938304 1 1830 570 200
10161 9642 72938314 0 1830 560 0
10207 9564 72938324 0 1830 560 0
10259 9573 72938334 0 1830 560 0
10333 9623 72938344 0 1830 550 0
10427 9712 72938354 0 1830 550 0
10531 9838 72938364 0 1830 550 0
10643 9996 72938374 0 1830 550 0
10754 10173 72938384 0 1830 550 0
10803 10262 72938389 1 1830 550 53
10920 10497 72938399 1 1830 550 287
10969 10600 72938409 1 1830 550 430
10991 10656 72938419 1 1830 550 512
10998 10667 72938429 1 1840 560 544
10991 10646 72938439 1 1840 560 565
10970 10588 72938449 1 1860 560 590
10931 10495 72938459 1 1860 570 622
10877 10372 72938469 1 1860 570 631
10813 10232 72938479 1 1860 570 626
10751 10092 72938489 1 1850 570 609
10698 9963 72938499 1 1850 570 536
10658 9856 72938509 1 1830 570 441
10636 9778 72938519 1 1830 560 311
10629 9729 72938529 1 1830 560 251
10629 9717 72938539 1 1830 560 252
10640 9729 72938549 1 1830 550 304
10654 9774 72938559 1 1830 550 315
10664 9849 72938569 1 1830 550 371
10664 9949 72938579 1 1830 550 425
10631 10058 72938590 1 1830 550 454
10578 10154 72938600 1 1830 550 462
10508 10221 72938610 1 1830 550 512
10443 10251 72938620 1 1830 550 525
10397 10251 72938630 1 1830 550 521
10384 10225 72938640 1 1830 550 530
10384 10177 72938650 1 1810 550 531
10421 10109 72938660 1 1810 550 533
10485 10022 72938670 1 1810 550 529
10571 9937 72938680 1 1800 550 520
10675 9859 72938690 1 1800 550 503
10792 9798 72938700 1 1800 550 474
10920 9765 72938710 1 1810 550 456
11057 9757 72938720 1 1810 550 436
11194 9766 72938730 1 1830 550 425
11322 9803 72938740 1 1830 550 425
11429 9850 72938750 1 1840 550 443
11508 9906 72938760 1 1840 560 449
11561 9967 72938770 1 1860 560 472
11582 10028 72938780 1 1860 560 484
11582 10086 72938791 1 1860 560 493
11550 10128 72938801 1 1860 550 516
11498 10148 72938811 1 1860 550 533
11434 10140 72938821 1 1860 550 548
11370 10106 72938831 1 1860 550 551
11315 10054 72938841 1 1860 550 553
11279 9986 72938851 1 1860 550 546
11270 9909 72938861 1 1860 550 528
11270 9836 72938871 1 1860 550 512
11292 9774 72938881 1 1860 550 499
11327 9727 72938891 1 1860 560 503
11378 9699 72938901 1 1870 560 512
11439 9692 72938911 1 1870 560 503
11513 9707 72938921 1 1870 560 497
11590 9744 72938931 1 1860 560 500
11658 9796 72938941 1 1860 560 506
11713 9864 72938951 1 1860 560 515
11748 9937 72938961 1 1860 560 541
11755 10008 72938971 1 1860 560 548
11755 10067 72938981 1 1860 560 555
11733 10106 72938992 1 1860 560 577
11712 10116 72939002 1 1860 560 575
11695 10116 72939012 1 1860 560 569
11688 10083 72939022 1 1860 560 573
11688 10028 72939032 1 1860 550 578
11702 9953 72939042 1 1860 550 576
11727 9868 72939052 1 1860 550 579
11761 9788 72939062 1 1860 550 571
11795 9727 72939072 1 1860 550 566
11833 9685 72939082 1 1860 550 551
11879 9663 72939092 1 1860 550 540
11935 9663 72939102 1 1860 550 525
12005 9681 72939112 1 1860 550 521
12082 9716 72939122 1 1860 550 513
12160 9769 72939132 1 1860 550 508
12232 9831 72939142 1 1860 550 496
12301 9892 72939152 1 1870 550 496
12362 9944 72939162 1 1870 550 499
12409 9978 72939172 1 1890 550 536
12444 9988 72939182 1 1890 550 536
12469 9981 72939193 1 1890 550 539
12487 9952 72939203 1 1890 550 538
12494 9904 72939213 1 1890 550 537
12503 9841 72939223 1 1890 550 538
12503 9781 72939233 1 1890 550 538
12492 9727 72939243 1 1890 550 530
12479 9689 72939253 1 1890 550 522
12468 9669 72939263 1 1890 550 512
12461 9669 72939273 1 1890 550 512
12461 9669 72939283 1 1890 550 510
12472 9700 72939293 1 1890 560 467
12494 9739 72939303 1 1890 560 454
12529 9789 72939313 1 1890 560 418
12577 9843 72939323 1 1890 560 403
12638 9895 72939333 1 1890 560 406
12704 9935 72939343 1 1890 560 427
12772 9960 72939353 1 1890 560 467
12837 9967 72939363 1 1890 560 498
12891 9959 72939373 1 1890 560 503
12933 9934 72939383 1 1890 560 521
12958 9894 72939394 1 1890 560 527
12958 9845 72939404 1 1890 560 529
12958 9795 72939414 1 1890 560 533
12943 9750 72939424 1 1900 560 532
12929 9719 72939434 1 1900 560 529
12920 9701 72939444 1 1920 550 528
12920 9701 72939454 1 1920 550 522
12920 9701 72939464 1 1920 550 516
12920 9714 72939474 1 1920 550 493
12933 9740 72939484 1 1920 550 466
12954 9778 72939494 1 1920 550 459
12986 9827 72939504 1 1920 550 451
13030 9883 72939514 1 1920 550 449
13078 9933 72939524 1 1920 550 473
13129 9972 72939534 1 1920 550 494
13178 9994 72939544 1 1920 550 530
13224 10001 72939554 1 1920 550 533
13271 9994 72939564 1 1920 550 539
13311 9972 72939574 1 1920 550 544
13346 9935 72939584 1 1920 550 554
13370 9880 72939595 1 1920 550 567
13389 9817 72939605 1 1920 550 567
13407 9756 72939615 1 1920 550 564
13426 9703 72939625 1 1930 550 563
13444 9665 72939635 1 1930 550 562
13466 9641 72939645 1 1950 550 563
13497 9633 72939655 1 1940 540 564
13540 9633 72939665 1 1950 550 564
13599 9659 72939675 1 1950 550 562
13667 9705 72939685 1 1930 550 557
13740 9770 72939695 1 1930 550 546
13804 9844 72939705 1 1920 550 555
13849 9918 72939715 1 1910 540 558
13872 9979 72939725 1 1910 540 574
13872 10021 72939735 1 1910 540 592
13848 10045 72939745 1 1910 540 592
13818 10045 72939755 1 1910 540 585
13784 10035 72939765 1 1910 540 570
13755 9998 72939775 1 1910 540 570
13733 9939 72939785 1 1910 540 569
13726 9863 72939796 1 1910 540 565
13726 9787 72939806 1 1910 540 543
13726 9722 72939816 1 1910 540 538
13752 9673 72939826 1 1910 540 540
13781 9645 72939836 1 1910 540 541
13827 9638 72939846 1 1910 540 538
13887 9638 72939856 1 1910 540 542
13956 9669 72939866 1 1920 550 536
14037 9704 72939876 1 1920 550 516
14122 9745 72939886 1 1920 550 508
14207 9786 72939896 1 1920 550 499
14292 9821 72939906 1 1920 550 503
14379 9843 72939916 1 1930 550 515
14463 9843 72939926 1 1930 550 555
14543 9836 72939936 1 1950 550 582
14612 9808 72939946 1 1950 550 592
14658 9768 72939956 1 1950 550 600
14679 9719 72939966 1 1940 540 607
14679 9670 72939976 1 1940 540 620
14640 9626 72939986 1 1940 540 623
14584 9594 72939997 1 1940 540 602
14504 9576 72940007 1 1950 550 496
14406 9576 72940017 1 1950 550 260
14351 9576 72940027 0 1950 550 0
14192 9609 72940037 0 1950 550 0
14099 9657 72940047 0 1950 550 0
14021 9740 72940057 0 1940 540 0
13956 9875 72940067 0 1930 540 0
13892 10063 72940077 0 1930 540 0
13819 10282 72940087 0 1910 530 0
13734 10492 72940097 0 1880 530 0
13650 10648 72940107 0 1870 530 0
13591 10730 72940117 0 1850 520 0
13573 10746 72940122 1 1840 530 173
13573 10754 72940132 1 1830 530 589
13595 10754 72940142 1 1830 540 761
13613 10754 72940152 1 1830 540 830
13622 10761 72940162 1 1830 550 835
13622 10768 72940172 1 1850 570 826
13629 10768 72940182 1 1860 580 756
13629 10768 72940192 1 1880 580 531
13622 10758 72940202 1 1900 580 128
